0,1487946175477756023,1487946175493725061
1,1487946175703599929,1487946175719557046
2,1487946176704109907,1487946176719831943
3,1487946177704058885,1487946177718878984
4,1487946178704061031,1487946178720155954
5,1487946179704063892,1487946179719280958
6,1487946180704050064,1487946180723265886
7,1487946181704056978,1487946181718401908
8,1487946182704057931,1487946182718868017
9,1487946183704555034,1487946183720470905
10,1487946184704680919,1487946184724416971
11,1487946185704682111,1487946185719726085
12,1487946186704674959,1487946186721369028
13,1487946187704677104,1487946187720498085
14,1487946188704662084,1487946188721362113
15,1487946189704674959,1487946189720531940
16,1487946190704689025,1487946190720508098
17,1487946191704680919,1487946191720711946
18,1487946192704669952,1487946192720916032
19,1487946193704679965,1487946193720475912
20,1487946194704679965,1487946194720220088
21,1487946195704659938,1487946195721093893
22,1487946196704678058,1487946196740622043
23,1487946197704684019,1487946197723510980
24,1487946198704687118,1487946198720557928
25,1487946199704693078,1487946199724097013
26,1487946200704698085,1487946200721657991
27,1487946201704677104,1487946201722014904
28,1487946202704679012,1487946202720288038
29,1487946203704689979,1487946203721148014
30,1487946204704674005,1487946204720731019
31,1487946205704667091,1487946205720901966
32,1487946206704684019,1487946206721122026
33,1487946207704668998,1487946207720395088
34,1487946208704683065,1487946208721048116
35,1487946209704684972,1487946209722081899
36,1487946210704696893,1487946210720130920
37,1487946211704680919,1487946211720220088
38,1487946212704689979,1487946212720196008
39,1487946213704680919,1487946213720662117
40,1487946214704687118,1487946214722326993
41,1487946215704674959,1487946215721231937
42,1487946216704687118,1487946216722130060
43,1487946217704675912,1487946217720580101
44,1487946218704683065,1487946218722495079
45,1487946219704685926,1487946219720490932
46,1487946220704689025,1487946220720884084
47,1487946221704689979,1487946221720504999
48,1487946222704677104,1487946222720221996
49,1487946223704679965,1487946223721117973
50,1487946224704689025,1487946224720537900
51,1487946225704675912,1487946225721118927
52,1487946226704691886,1487946226721731901
53,1487946227704675912,1487946227726495981
54,1487946228704684972,1487946228719738960
55,1487946229704677104,1487946229732176065
56,1487946230704709053,1487946230720877885
57,1487946231704664945,1487946231723687887
58,1487946232704687118,1487946232720577955
59,1487946233704706907,1487946233721263885
60,1487946234704693078,1487946234717710018
61,1487946235704693078,1487946235723931074
62,1487946236704684972,1487946236720511913
63,1487946237704679012,1487946237722461938
64,1487946238704679965,1487946238720258951
65,1487946239704684019,1487946239720249891
66,1487946240704684972,1487946240721060037
67,1487946241704687118,1487946241721344947
68,1487946242704690933,1487946242720478057
69,1487946243704687118,1487946243720556974
70,1487946244704679012,1487946244728573083
71,1487946245704698085,1487946245720274925
72,1487946246704709053,1487946246721373081
73,1487946247704696893,1487946247719530105
74,1487946248704713106,1487946248724381923
75,1487946249704670906,1487946249721127986
76,1487946250704677104,1487946250720657110
77,1487946251704668998,1487946251720360040
78,1487946252704742908,1487946252720776081
79,1487946253704678058,1487946253720243930
80,1487946254704675912,1487946254721080064
81,1487946255704679012,1487946255720781087
82,1487946256704674005,1487946256720434904
83,1487946257704669952,1487946257723067998
84,1487946258704695940,1487946258721573114
85,1487946259704689025,1487946259720845937
86,1487946260704688072,1487946260722261905
87,1487946261704688072,1487946261724354982
88,1487946262704684972,1487946262720762014
89,1487946263704679012,1487946263723974943
90,1487946264704679012,1487946264720108032
91,1487946265704678058,1487946265721927881
92,1487946266704677104,1487946266720329046
93,1487946267704665899,1487946267721836090
94,1487946268704169988,1487946268720112085
95,1487946269704780101,1487946269721462011
96,1487946270704960107,1487946270721169948
97,1487946271704689979,1487946271722002983
98,1487946272704710960,1487946272720263957
99,1487946273704679965,1487946273723941087
100,1487946274704691886,1487946274720006942
101,1487946275704693078,1487946275720890045
102,1487946276704691886,1487946276719449043
103,1487946277704698085,1487946277721033096
104,1487946278704694986,1487946278723030090
105,1487946279704684972,1487946279724354982
106,1487946280704691886,1487946280723489999
107,1487946281704699039,1487946281721149921
108,1487946282704693078,1487946282720848083
109,1487946283704687118,1487946283721918106
110,1487946284704701900,1487946284721250057
111,1487946285704699993,1487946285720513105
112,1487946286704705953,1487946286721637010
113,1487946287704698085,1487946287720777988
114,1487946288704699039,1487946288720875978
115,1487946289704678058,1487946289734335899
116,1487946290704690933,1487946290720503091
117,1487946291704691886,1487946291722640991
118,1487946292704694032,1487946292721123933
119,1487946293704698085,1487946293720398902
120,1487946294704708099,1487946294716954946
121,1487946295704715967,1487946295722387075
122,1487946296704699993,1487946296720681905
123,1487946297704710006,1487946297723017930
124,1487946298704706907,1487946298721806049
125,1487946299704706907,1487946299722915887
126,1487946300704695940,1487946300720324993
127,1487946301704694986,1487946301720630884
128,1487946302704699993,1487946302720233917
129,1487946303704705953,1487946303722064018
130,1487946304704699039,1487946304720251083
131,1487946305704704999,1487946305720606088
132,1487946306704708099,1487946306720411062
133,1487946307704696893,1487946307722755908
134,1487946308704708099,1487946308721914052
135,1487946309704703092,1487946309720501899
136,1487946310704699039,1487946310721863031
137,1487946311704694986,1487946311721385002
138,1487946312704694986,1487946312724293947
139,1487946313704704999,1487946313720307111
140,1487946314704699039,1487946314724737882
141,1487946315704699993,1487946315720303058
142,1487946316704701900,1487946316722750902
143,1487946317704696893,1487946317721729040
144,1487946318704701900,1487946318725186109
145,1487946319704039096,1487946319720295906
146,1487946320703871965,1487946320722093105
147,1487946321704703092,1487946321720729112
148,1487946322704727888,1487946322720345973
149,1487946323704701900,1487946323720962047
150,1487946324704704999,1487946324721678018
151,1487946325704709053,1487946325721471071
152,1487946326704699993,1487946326720727920
153,1487946327704698085,1487946327721719980
154,1487946328704699993,1487946328720251083
155,1487946329704696893,1487946329722047090
156,1487946330704704046,1487946330720099925
157,1487946331704710960,1487946331720629930
158,1487946332704694986,1487946332720033884
159,1487946333704691886,1487946333722197055
160,1487946334704706907,1487946334721179008
161,1487946335704715013,1487946335749394893
162,1487946336704708099,1487946336720029115
163,1487946337704699039,1487946337724001884
164,1487946338704689979,1487946338721266031
165,1487946339704701900,1487946339720058917
166,1487946340704714059,1487946340721386909
167,1487946341704706907,1487946341725239038
168,1487946342704706907,1487946342719947099
169,1487946343704710960,1487946343720319986
170,1487946344704715013,1487946344723675966
171,1487946345704708099,1487946345725557088
172,1487946346704755067,1487946346723805904
173,1487946347704706907,1487946347720022916
174,1487946348705033063,1487946348720702886
175,1487946349704706907,1487946349721236944
176,1487946350704441070,1487946350720071077
177,1487946351704711914,1487946351721359968
178,1487946352704710960,1487946352720488071
179,1487946353704713106,1487946353721699953
180,1487946354704719066,1487946354719643115
181,1487946355704714059,1487946355723160982
182,1487946356704719066,1487946356720963954
183,1487946357704703092,1487946357720983028
184,1487946358704705953,1487946358724617958
185,1487946359704705953,1487946359724297046
186,1487946360704713106,1487946360719368934
187,1487946361704706907,1487946361722369909
188,1487946362704710006,1487946362723139047
189,1487946363704704046,1487946363721188068
190,1487946364704006910,1487946364720470905
191,1487946365704473972,1487946365721705913
192,1487946366704700946,1487946366721198081
193,1487946367704696893,1487946367720990896
194,1487946368704715967,1487946368720215082
195,1487946369704698085,1487946369721882104
196,1487946370704720973,1487946370721209049
197,1487946371704710960,1487946371720887899
198,1487946372704701900,1487946372722412109
199,1487946373704706907,1487946373720524072
200,1487946374704710960,1487946374720854043
201,1487946375704710006,1487946375720166921
202,1487946376704694032,1487946376722413063
203,1487946377704700946,1487946377721127033
204,1487946378704704046,1487946378721976995
205,1487946379704701900,1487946379720705986
206,1487946380704709053,1487946380723602056
207,1487946381704700946,1487946381722423076
208,1487946382704701900,1487946382722168922
209,1487946383704715967,1487946383720756053
210,1487946384704698085,1487946384720572948
211,1487946385704699039,1487946385721013069
212,1487946386704715967,1487946386720309972
213,1487946387704709053,1487946387720822095
214,1487946388704699039,1487946388724589109
215,1487946389704706907,1487946389723165035
216,1487946390704710006,1487946390720419883
217,1487946391704722881,1487946391721929073
218,1487946392704718112,1487946392721179962
219,1487946393704706907,1487946393722577095
220,1487946394704725027,1487946394722062110
221,1487946395704720020,1487946395720973014
222,1487946396704721927,1487946396720191955
223,1487946397704715967,1487946397723562955
224,1487946398704727888,1487946398721499919
225,1487946399704735040,1487946399721823930
226,1487946400704139947,1487946400719798088
227,1487946401704705953,1487946401720796108
228,1487946402704716920,1487946402720273017
229,1487946403704710960,1487946403720608949
230,1487946404704708099,1487946404721388101
231,1487946405704716920,1487946405720757961
232,1487946406704719066,1487946406724011898
233,1487946407704708099,1487946407720284938
234,1487946408704715013,1487946408723582029
235,1487946409704691886,1487946409720350027
236,1487946410704727888,1487946410721976995
237,1487946411704724073,1487946411721834897
238,1487946412704726934,1487946412735032081
239,1487946413704725027,1487946413720717906
240,1487946414704731941,1487946414720247030
241,1487946415704745054,1487946415724536895
242,1487946416704724073,1487946416720947027
243,1487946417704703092,1487946417721827983
244,1487946418704233884,1487946418721323013
245,1487946419703866004,1487946419716197967
246,1487946420704722881,1487946420720108985
247,1487946421704713106,1487946421723330020
248,1487946422704722881,1487946422721693038
249,1487946423704720020,1487946423724309921
250,1487946424704725027,1487946424720853090
251,1487946425704720973,1487946425723499059
252,1487946426704720020,1487946426720253944
253,1487946427704725980,1487946427721446037
254,1487946428704715967,1487946428721215963
255,1487946429704714059,1487946429720473051
256,1487946430704722881,1487946430720225095
257,1487946431704710006,1487946431720252990
258,1487946432704711914,1487946432722982883
259,1487946433704713106,1487946433720916986
260,1487946434704726934,1487946434720758914
261,1487946435704720973,1487946435721123933
262,1487946436704725027,1487946436723468065
263,1487946437704727888,1487946437720838069
264,1487946438704721927,1487946438720629930
265,1487946439704724073,1487946439721103906
266,1487946440704725980,1487946440727027893
267,1487946441704704999,1487946441720482110
268,1487946442704767942,1487946442722587108
269,1487946443704725980,1487946443720619916
270,1487946444704735040,1487946444726182937
271,1487946445705013036,1487946445721579074
272,1487946446704730033,1487946446721180915
273,1487946447704739093,1487946447721086025
274,1487946448704751014,1487946448764287948
275,1487946449704742908,1487946449720762014
276,1487946450704751014,1487946450721330881
277,1487946451704741001,1487946451721158981
278,1487946452704751968,1487946452720678091
279,1487946453704746961,1487946453721600055
280,1487946454704763889,1487946454720314979
281,1487946455704752922,1487946455720983028
282,1487946456704766035,1487946456719896078
283,1487946457704760074,1487946457722881078
284,1487946458704744100,1487946458720967054
285,1487946459704730033,1487946459721101999
286,1487946460704758882,1487946460720050096
287,1487946461704749107,1487946461722752094
288,1487946462704758882,1487946462719643115
289,1487946463704755067,1487946463722707986
290,1487946464704730987,1487946464720767021
291,1487946465704735994,1487946465725007057
292,1487946466704746007,1487946466720910072
293,1487946467704761028,1487946467723737001
294,1487946468704756021,1487946468722099065
295,1487946469704744100,1487946469720880985
296,1487946470704770088,1487946470718907117
297,1487946471704755067,1487946471723828077
298,1487946472704751014,1487946472721029043
299,1487946473704749107,1487946473721224069
300,1487946474704761028,1487946474721726894
301,1487946475704762935,1487946475720606088
302,1487946476704765081,1487946476720882892
303,1487946477704765081,1487946477720566034
304,1487946478704750061,1487946478722182035
305,1487946479704785108,1487946479720304965
306,1487946480704519033,1487946480717444896
307,1487946481704770088,1487946481721038103
308,1487946482704760074,1487946482720896959
309,1487946483704741001,1487946483722909927
310,1487946484704755067,1487946484720383882
311,1487946485704756975,1487946485720192909
312,1487946486704772949,1487946486722265958
313,1487946487704746961,1487946487720679998
314,1487946488704751968,1487946488720813989
315,1487946489704745054,1487946489725506067
316,1487946490704757928,1487946490720578908
317,1487946491704756975,1487946491722476959
318,1487946492704746007,1487946492719449043
319,1487946493704735994,1487946493720452070
320,1487946494704771995,1487946494720026016
321,1487946495704751968,1487946495720681905
322,1487946496704758882,1487946496721451044
323,1487946497703965902,1487946497722855091
324,1487946498704767942,1487946498723958969
325,1487946499704741954,1487946499726708889
326,1487946500704771041,1487946500718727111
327,1487946501704765081,1487946501720237016
328,1487946502704768896,1487946502720405101
329,1487946503704777956,1487946503723781108
330,1487946504704762935,1487946504724296092
331,1487946505704772949,1487946505720355987
332,1487946506704776048,1487946506724843978
333,1487946507704735994,1487946507721127986
334,1487946508704761981,1487946508721566915
335,1487946509704744100,1487946509720674037
336,1487946510705065011,1487946510720789909
337,1487946511704756975,1487946511720680952
338,1487946512705070018,1487946512721326112
339,1487946513704767942,1487946513720999002
340,1487946514704761981,1487946514720835924
341,1487946515704756021,1487946515722480058
342,1487946516704757928,1487946516720707893
343,1487946517704767942,1487946517721467971
344,1487946518704766035,1487946518729238033
345,1487946519704754114,1487946519721121072
346,1487946520704770088,1487946520721488952
347,1487946521704751968,1487946521726432085
348,1487946522704756021,1487946522720822095
349,1487946523704742908,1487946523722562074
350,1487946524704765081,1487946524721056938
351,1487946525704762935,1487946525721859931
352,1487946526704761028,1487946526720221042
353,1487946527704742908,1487946527725486040
354,1487946528704745054,1487946528721405029
355,1487946529704735040,1487946529730868101
356,1487946530704756021,1487946530720932006
357,1487946531704755067,1487946531720890045
358,1487946532704756975,1487946532721203088
359,1487946533704750061,1487946533720510959
360,1487946534704756021,1487946534721211910
361,1487946535704751968,1487946535720060110
362,1487946536704770088,1487946536722387075
363,1487946537704747915,1487946537721889019
364,1487946538704751968,1487946538723104000
365,1487946539704782009,1487946539720748901
366,1487946540704771995,1487946540721760988
367,1487946541704794883,1487946541720829010
368,1487946542704773902,1487946542723438978
369,1487946543704751014,1487946543732656002
370,1487946544704758882,1487946544722054958
371,1487946545703943967,1487946545721261024
372,1487946546704401016,1487946546723823070
373,1487946547704749107,1487946547723557949
374,1487946548704777002,1487946548721256017
375,1487946549704757928,1487946549722167968
376,1487946550704745054,1487946550724694013
377,1487946551704745054,1487946551720545053
378,1487946552703840017,1487946552720113039
379,1487946553704751968,1487946553725032091
380,1487946554704760074,1487946554724292993
381,1487946555704758882,1487946555721460103
382,1487946556704760074,1487946556720422029
383,1487946557704750061,1487946557721925020
384,1487946558704780101,1487946558720515012
385,1487946559704761981,1487946559721690893
386,1487946560705070018,1487946560722713947
387,1487946561704737901,1487946561721554994
388,1487946562704752922,1487946562720237016
389,1487946563704754114,1487946563721208095
390,1487946564704073905,1487946564722064971
391,1487946565704511880,1487946565720319986
392,1487946566704780101,1487946566720155000
393,1487946567704766988,1487946567720724105
394,1487946568704767942,1487946568721976041
395,1487946569704345941,1487946569719959974
396,1487946570704704046,1487946570722999095
397,1487946571704761028,1487946571722126960
398,1487946572704773902,1487946572721009016
399,1487946573704981088,1487946573721398115
400,1487946574705192089,1487946574721508026
401,1487946575704782009,1487946575720588922
402,1487946576704768896,1487946576721687078
403,1487946577704790115,1487946577721638917
404,1487946578704781055,1487946578720432043
405,1487946579704792022,1487946579720585107
406,1487946580704778909,1487946580722945928
407,1487946581704787969,1487946581723126888
408,1487946582704760074,1487946582720108985
409,1487946583704783916,1487946583720837116
410,1487946584704776048,1487946584720277070
411,1487946585704762935,1487946585725032091
412,1487946586704792976,1487946586720859050
413,1487946587704780101,1487946587724654912
414,1487946588704794883,1487946588721676111
415,1487946589704768896,1487946589723683118
416,1487946590704781055,1487946590719901084
417,1487946591704772949,1487946591721688985
418,1487946592704781055,1487946592720182895
419,1487946593704768896,1487946593721204996
420,1487946594704768896,1487946594725347995
421,1487946595704776048,1487946595721442937
422,1487946596704775094,1487946596721461057
423,1487946597704785108,1487946597720375061
424,1487946598704773902,1487946598724252939
425,1487946599704781055,1487946599721133947
426,1487946600704768896,1487946600720693111
427,1487946601704767942,1487946601720822095
428,1487946602704767942,1487946602724916934
429,1487946603704771995,1487946603722135066
430,1487946604704782962,1487946604722240924
431,1487946605704766988,1487946605721028089
432,1487946606704801082,1487946606722635030
433,1487946607704782962,1487946607720391988
434,1487946608704782962,1487946608722515106
435,1487946609704780101,1487946609720565080
436,1487946610704782009,1487946610746766090
437,1487946611704766988,1487946611723994970
438,1487946612704791069,1487946612721148967
439,1487946613704777956,1487946613720339059
440,1487946614704783916,1487946614721335887
441,1487946615704771041,1487946615720705986
442,1487946616704778909,1487946616722809076
443,1487946617704763889,1487946617720566034
444,1487946618704758882,1487946618721245050
445,1487946619704782962,1487946619723535060
446,1487946620704787969,1487946620722579002
447,1487946621704771995,1487946621721921920
448,1487946622704771995,1487946622720418930
449,1487946623704768896,1487946623721618890
450,1487946624704858064,1487946624720010995
451,1487946625704765081,1487946625722347974
452,1487946626704788923,1487946626720263004
453,1487946627704768896,1487946627720544099
454,1487946628704777956,1487946628723627090
455,1487946629704763889,1487946629721009016
456,1487946630704778909,1487946630720362901
457,1487946631704766988,1487946631722105026
458,1487946632704762935,1487946632721792936
459,1487946633704765081,1487946633722604036
460,1487946634704767942,1487946634720658063
461,1487946635704837083,1487946635721379041
462,1487946636704778909,1487946636722393989
463,1487946637704770088,1487946637721448898
464,1487946638704786062,1487946638721648931
465,1487946639704776048,1487946639720148086
466,1487946640704802989,1487946640723695039
467,1487946641704778909,1487946641720798969
468,1487946642704803943,1487946642720525026
469,1487946643704783916,1487946643719727039
470,1487946644704782009,1487946644720803022
471,1487946645704782962,1487946645723871946
472,1487946646704783916,1487946646720828056
473,1487946647704766035,1487946647720534086
474,1487946648704277992,1487946648720082998
475,1487946649704781055,1487946649720761060
476,1487946650704786062,1487946650720850944
477,1487946651704771995,1487946651720185995
478,1487946652704768896,1487946652721257925
479,1487946653704747915,1487946653720582962
480,1487946654704747915,1487946654720576047
481,1487946655704758882,1487946655720632076
482,1487946656704777002,1487946656721044063
483,1487946657704760074,1487946657721263885
484,1487946658704766988,1487946658720370054
485,1487946659704761981,1487946659720170974
486,1487946660704766035,1487946660720474004
487,1487946661704758882,1487946661720932960
488,1487946662704891920,1487946662722057104
489,1487946663704948902,1487946663736852884
490,1487946664704780101,1487946664722471952
491,1487946665704781055,1487946665720726966
492,1487946666704777002,1487946666725019931
493,1487946667704772949,1487946667722620964
494,1487946668704766035,1487946668727418899
495,1487946669704787015,1487946669720372915
496,1487946670704757928,1487946670724304914
497,1487946671704751014,1487946671720755100
498,1487946672704775094,1487946672724992990
499,1487946673704752922,1487946673720391035
500,1487946674704756975,1487946674721363067
501,1487946675704767942,1487946675721419095
502,1487946676704761981,1487946676720958948
503,1487946677704754114,1487946677721523046
504,1487946678704304933,1487946678720410108
505,1487946679704775094,1487946679722968101
506,1487946680704777956,1487946680722647905
507,1487946681704762935,1487946681720745086
508,1487946682704771041,1487946682720521926
509,1487946683704765081,1487946683726392030
510,1487946684704786062,1487946684720813035
511,1487946685704761981,1487946685722789049
512,1487946686704754114,1487946686720732927
513,1487946687704773902,1487946687722696065
514,1487946688704788923,1487946688720678091
515,1487946689704782009,1487946689722697019
516,1487946690704782009,1487946690720858097
517,1487946691704760074,1487946691721376895
518,1487946692704767942,1487946692723257064
519,1487946693704768896,1487946693720976114
520,1487946694704756021,1487946694721524953
521,1487946695704765081,1487946695721064090
522,1487946696704772949,1487946696721652984
523,1487946697704756021,1487946697720881938
524,1487946698704755067,1487946698720273971
525,1487946699704773902,1487946699721540927
526,1487946700704448938,1487946700723104953
527,1487946701704777002,1487946701720134019
528,1487946702704796075,1487946702721904039
529,1487946703704760074,1487946703723608970
530,1487946704704756021,1487946704723797082
531,1487946705704879045,1487946705721385002
532,1487946706704855918,1487946706721443891
533,1487946707704797029,1487946707721693992
534,1487946708704962968,1487946708722042083
535,1487946709704772949,1487946709722438097
536,1487946710704785108,1487946710721079111
537,1487946711704782962,1487946711720284938
538,1487946712704794883,1487946712721060991
539,1487946713704773902,1487946713721316099
540,1487946714704792976,1487946714720472097
541,1487946715704781055,1487946715721107959
542,1487946716704780101,1487946716722287893
543,1487946717704782962,1487946717721704959
544,1487946718704785108,1487946718719746112
545,1487946719704782009,1487946719720695018
546,1487946720704788923,1487946720720319986
547,1487946721704766988,1487946721723043918
548,1487946722704776048,1487946722722012996
549,1487946723704778909,1487946723721160888
550,1487946724704777002,1487946724721827983
551,1487946725704757928,1487946725720607042
552,1487946726704802036,1487946726722110033
553,1487946727704773902,1487946727725950956
554,1487946728704778909,1487946728720865964
555,1487946729704834938,1487946729721467971
556,1487946730704812049,1487946730722054004
557,1487946731704829931,1487946731721244096
558,1487946732704791069,1487946732723022937
559,1487946733704803943,1487946733720786094
560,1487946734704772949,1487946734721924066
561,1487946735704797029,1487946735720474958
562,1487946736704138994,1487946736720124006
563,1487946737704768896,1487946737722457885
564,1487946738704777002,1487946738723067045
565,1487946739704771041,1487946739724334001
566,1487946740704775094,1487946740720103025
567,1487946741704797029,1487946741720128059
568,1487946742704777956,1487946742724051952
569,1487946743704780101,1487946743721324920
570,1487946744704809904,1487946744721028089
571,1487946745704799890,1487946745721802949
572,1487946746704793930,1487946746721043109
573,1487946747704824924,1487946747723556995
574,1487946748704786062,1487946748741312026
575,1487946749704781055,1487946749722662925
576,1487946750704811096,1487946750721353054
577,1487946751704792976,1487946751721060991
578,1487946752704782962,1487946752721427917
579,1487946753704787015,1487946753723624944
580,1487946754704790115,1487946754721656084
581,1487946755704776048,1487946755720727920
582,1487946756704777002,1487946756724299907
583,1487946757704770088,1487946757720777988
584,1487946758704780101,1487946758720843076
585,1487946759704787015,1487946759720664978
586,1487946760704777956,1487946760723459005
587,1487946761704754114,1487946761721123933
588,1487946762704801082,1487946762720853090
589,1487946763704772949,1487946763721340894
590,1487946764704787015,1487946764723720073
591,1487946765704782009,1487946765720746040
592,1487946766704786062,1487946766721528053
593,1487946767704768896,1487946767721829891
594,1487946768704801082,1487946768721107959
595,1487946769704793930,1487946769720410108
596,1487946770704785108,1487946770722412109
597,1487946771704797983,1487946771721231937
598,1487946772704788923,1487946772756103038
599,1487946773704770088,1487946773725313901
600,1487946774704811096,1487946774720587015
601,1487946775704780101,1487946775722135066
602,1487946776704782962,1487946776721745967
603,1487946777704797029,1487946777722992897
604,1487946778704791069,1487946778719696998
605,1487946779704792976,1487946779720700979
606,1487946780704819917,1487946780720375061
607,1487946781704776048,1487946781725030899
608,1487946782704802036,1487946782721138954
609,1487946783704803943,1487946783722049951
610,1487946784704778909,1487946784721698999
611,1487946785704566001,1487946785724823951
612,1487946786704796075,1487946786722034931
613,1487946787704782962,1487946787721296072
614,1487946788704791069,1487946788719579935
615,1487946789704796075,1487946789721379995
616,1487946790704806089,1487946790723701953
617,1487946791704804897,1487946791731525897
618,1487946792704803943,1487946792722069978
619,1487946793704790115,1487946793721894979
620,1487946794704794883,1487946794720289945
621,1487946795704791069,1487946795720688104
622,1487946796704786062,1487946796720204114
623,1487946797704790115,1487946797720974922
624,1487946798704824924,1487946798721517086
625,1487946799704793930,1487946799721471071
626,1487946800704786062,1487946800720390081
627,1487946801704806089,1487946801720957994
628,1487946802704787015,1487946802722755908
629,1487946803704756975,1487946803726916074
630,1487946804704794883,1487946804720736026
631,1487946805704768896,1487946805720278024
632,1487946806704787969,1487946806720360040
633,1487946807704806089,1487946807722585916
634,1487946808704773902,1487946808720704078
635,1487946809704782009,1487946809721673965
636,1487946810704523086,1487946810720592021
637,1487946811704787015,1487946811720710039
638,1487946812704797029,1487946812722063064
639,1487946813704796075,1487946813723397016
640,1487946814704790115,1487946814720496892
641,1487946815704783916,1487946815720834016
642,1487946816704797983,1487946816721003055
643,1487946817704761981,1487946817721074104
644,1487946818704778909,1487946818722569942
645,1487946819704780101,1487946819722980022
646,1487946820704777002,1487946820724265098
647,1487946821704773902,1487946821722249031
648,1487946822704802989,1487946822720428943
649,1487946823704447031,1487946823723804950
650,1487946824704902887,1487946824720721006
651,1487946825704915046,1487946825723309040
652,1487946826704839944,1487946826720534086
653,1487946827704782962,1487946827720652103
654,1487946828704793930,1487946828727561950
655,1487946829703980922,1487946829720134019
656,1487946830704415082,1487946830722640037
657,1487946831704794883,1487946831722397089
658,1487946832704797029,1487946832720642089
659,1487946833704788923,1487946833720995903
660,1487946834704799890,1487946834722382068
661,1487946835704785108,1487946835721967935
662,1487946836704801082,1487946836721195936
663,1487946837704787969,1487946837722795963
664,1487946838704781055,1487946838720915079
665,1487946839704787969,1487946839722075939
666,1487946840704798936,1487946840720005035
667,1487946841704791069,1487946841722496032
668,1487946842704791069,1487946842720650911
669,1487946843704801082,1487946843720405101
670,1487946844704782962,1487946844720504999
671,1487946845704819917,1487946845724572896
672,1487946846704830884,1487946846721740961
673,1487946847704778909,1487946847721731901
674,1487946848704792022,1487946848720587968
675,1487946849704798936,1487946849720823049
676,1487946850704788923,1487946850720396041
677,1487946851704793930,1487946851720252037
678,1487946852704816102,1487946852720794916
679,1487946853704780101,1487946853720274925
680,1487946854704793930,1487946854722040891
681,1487946855704794883,1487946855720479011
682,1487946856704790115,1487946856721919059
683,1487946857704792976,1487946857720787048
684,1487946858704802036,1487946858722831010
685,1487946859704782009,1487946859720752954
686,1487946860704786062,1487946860725255966
687,1487946861704802989,1487946861720134019
688,1487946862704781055,1487946862722480058
689,1487946863704780101,1487946863721698045
690,1487946864704798936,1487946864721878051
691,1487946865704806089,1487946865721224069
692,1487946866704807043,1487946866725002050
693,1487946867704798936,1487946867722023010
694,1487946868704569101,1487946868717506885
695,1487946869704788923,1487946869721227884
696,1487946870704828977,1487946870720760107
697,1487946871704276084,1487946871721856117
698,1487946872704801082,1487946872720154047
699,1487946873704823017,1487946873720514059
700,1487946874704796075,1487946874721452951
701,1487946875704777956,1487946875721134901
702,1487946876704812049,1487946876720035076
703,1487946877704782009,1487946877724873065
704,1487946878704803943,1487946878720289945
705,1487946879704794883,1487946879722023963
706,1487946880704797029,1487946880721746921
707,1487946881704780101,1487946881719599962
708,1487946882704823017,1487946882720096111
709,1487946883704783916,1487946883725100040
710,1487946884704801082,1487946884723336935
711,1487946885704807043,1487946885720269918
712,1487946886704797983,1487946886720561027
713,1487946887704802036,1487946887720305919
714,1487946888704838991,1487946888720940113
715,1487946889704777956,1487946889720191955
716,1487946890704799890,1487946890721703052
717,1487946891704801082,1487946891723047971
718,1487946892704616069,1487946892722574949
719,1487946893704955101,1487946893723283052
720,1487946894704811096,1487946894723386049
721,1487946895704776048,1487946895722409963
722,1487946896704799890,1487946896720901012
723,1487946897704803943,1487946897720350027
724,1487946898704808950,1487946898721021890
725,1487946899704797983,1487946899720824003
726,1487946900704813003,1487946900720671892
727,1487946901704782009,1487946901723026037
728,1487946902704794883,1487946902720443010
729,1487946903704812049,1487946903720957994
730,1487946904704783916,1487946904722418069
731,1487946905704786062,1487946905721812963
732,1487946906704828977,1487946906721482992
733,1487946907704790115,1487946907720098972
734,1487946908704794883,1487946908720243930
735,1487946909704814910,1487946909723963022
736,1487946910704792976,1487946910721980094
737,1487946911704806089,1487946911722079038
738,1487946912704826116,1487946912720386981
739,1487946913704794883,1487946913742665052
740,1487946914704792976,1487946914720566987
741,1487946915704802036,1487946915722834110
742,1487946916704772949,1487946916720124959
743,1487946917704797983,1487946917722470045
744,1487946918704813003,1487946918722834110
745,1487946919704775094,1487946919720887899
746,1487946920704786062,1487946920721731901
747,1487946921704792022,1487946921724323034
748,1487946922704785108,1487946922723313093
749,1487946923704791069,1487946923720587968
750,1487946924704803943,1487946924725837945
751,1487946925704803943,1487946925720628023
752,1487946926704796075,1487946926724240064
753,1487946927704826116,1487946927721582889
754,1487946928705073118,1487946928721683025
755,1487946929704081058,1487946929719947099
756,1487946930704860925,1487946930722265958
757,1487946931704778909,1487946931721287965
758,1487946932704761981,1487946932721721887
759,1487946933704783916,1487946933720144987
760,1487946934704777956,1487946934722268104
761,1487946935704757928,1487946935721432924
762,1487946936704794883,1487946936721488952
763,1487946937704766035,1487946937720278978
764,1487946938704766988,1487946938720916986
765,1487946939704791069,1487946939723021984
766,1487946940704771995,1487946940720029115
767,1487946941704771995,1487946941720191001
768,1487946942704783916,1487946942720103025
769,1487946943704766988,1487946943724526882
770,1487946944704775094,1487946944720881938
771,1487946945704798936,1487946945720719099
772,1487946946704777002,1487946946720391988
773,1487946947704780101,1487946947722521066
774,1487946948704808950,1487946948720335006
775,1487946949704787015,1487946949723442077
776,1487946950704540967,1487946950717391967
777,1487946951704778909,1487946951720640897
778,1487946952704772949,1487946952722227096
779,1487946953704777002,1487946953721956014
780,1487946954704791069,1487946954721867084
781,1487946955704777002,1487946955720490932
782,1487946956704782962,1487946956721745014
783,1487946957704807996,1487946957721335887
784,1487946958704155921,1487946958714473962
785,1487946959704787969,1487946959720477104
786,1487946960704787969,1487946960723041057
787,1487946961704788923,1487946961720253944
788,1487946962704047918,1487946962719973087
789,1487946963704807043,1487946963720501899
790,1487946964704782009,1487946964725071907
791,1487946965704790115,1487946965723947048
792,1487946966704786062,1487946966720510005
793,1487946967704139947,1487946967720711946
794,1487946968704782962,1487946968721530914
795,1487946969704802989,1487946969721497058
796,1487946970704776048,1487946970719481945
797,1487946971704782962,1487946971720118045
798,1487946972704788923,1487946972720366001
799,1487946973704766035,1487946973720391988
800,1487946974704770088,1487946974723748922
801,1487946975704768896,1487946975722970008
802,1487946976704756021,1487946976720043897
803,1487946977704763889,1487946977721308946
804,1487946978704788923,1487946978722091913
805,1487946979704756975,1487946979722469091
806,1487946980704767942,1487946980720298051
807,1487946981704780101,1487946981721313953
808,1487946982704767942,1487946982722937107
809,1487946983704782009,1487946983721266984
810,1487946984704781055,1487946984720388889
811,1487946985704052925,1487946985719364881
812,1487946986704169034,1487946986720715999
813,1487946987704773902,1487946987721551895
814,1487946988704777956,1487946988720930099
815,1487946989704778909,1487946989720406055
816,1487946990704791069,1487946990720297098
817,1487946991704782962,1487946991721694946
818,1487946992704787969,1487946992722707986
819,1487946993704785108,1487946993728176116
820,1487946994704777002,1487946994720194101
821,1487946995704790115,1487946995720747947
822,1487946996704123973,1487946996720722913
823,1487946997704791069,1487946997719760894
824,1487946998704799890,1487946998720657110
825,1487946999704787015,1487946999722326993
826,1487947000704780101,1487947000720109939
827,1487947001704792022,1487947001720124006
828,1487947002704797029,1487947002720381975
829,1487947003704778909,1487947003718869924
830,1487947004704786062,1487947004720185995
831,1487947005704807043,1487947005751749038
832,1487947006704771995,1487947006722048044
833,1487947007704785108,1487947007723669052
834,1487947008704812049,1487947008717502117
835,1487947009704761028,1487947009723998069
836,1487947010704783916,1487947010720585107
837,1487947011704785108,1487947011721803903
838,1487947012704773902,1487947012720040082
839,1487947013704783916,1487947013723812103
840,1487947014704790115,1487947014720278024
841,1487947015704755067,1487947015719907999
842,1487947016704787015,1487947016721095085
843,1487947017704782962,1487947017720298051
844,1487947018704791069,1487947018739660978
845,1487947019704785108,1487947019720668077
846,1487947020704788923,1487947020721107959
847,1487947021704766988,1487947021720397949
848,1487947022704839944,1487947022721092939
849,1487947023704802989,1487947023720258951
850,1487947024704786062,1487947024722595930
851,1487947025704782009,1487947025721131086
852,1487947026704807043,1487947026720763921
853,1487947027704792976,1487947027721581935
854,1487947028704787969,1487947028721764087
855,1487947029704786062,1487947029722560882
856,1487947030704791069,1487947030720022916
857,1487947031704783916,1487947031720057010
858,1487947032704802036,1487947032720973014
859,1487947033704787969,1487947033720577001
860,1487947034704792976,1487947034719969034
861,1487947035704813957,1487947035721086978
862,1487947036704775094,1487947036720402002
863,1487947037704796075,1487947037719681024
864,1487947038704807043,1487947038725668907
865,1487947039704777956,1487947039722827911
866,1487947040704790115,1487947040720510005
867,1487947041704802989,1487947041722146987
868,1487947042704783916,1487947042720571994
869,1487947043704778909,1487947043720505952
870,1487947044704801082,1487947044722796916
871,1487947045704771041,1487947045725280046
872,1487947046704787015,1487947046722690105
873,1487947047704792022,1487947047720566987
874,1487947048704787969,1487947048721218109
875,1487947049704787015,1487947049720489025
876,1487947050704790115,1487947050722635030
877,1487947051704777002,1487947051720391988
878,1487947052704794883,1487947052721762895
879,1487947053704792976,1487947053720458030
880,1487947054704792022,1487947054720544099
881,1487947055704793930,1487947055721812963
882,1487947056704787015,1487947056722547054
883,1487947057704787969,1487947057721901893
884,1487947058704791069,1487947058722659111
885,1487947059704792022,1487947059720386981
886,1487947060704790115,1487947060720566987
887,1487947061704787969,1487947061720305919
888,1487947062704813957,1487947062722919940
889,1487947063704782009,1487947063721960067
890,1487947064704799890,1487947064720459938
891,1487947065704792022,1487947065721077919
892,1487947066704797029,1487947066722527980
893,1487947067704777002,1487947067722511053
894,1487947068704782962,1487947068720448970
895,1487947069704777002,1487947069720560073
896,1487947070704790115,1487947070720829010
897,1487947071704785108,1487947071723953008
898,1487947072704778909,1487947072721220016
899,1487947073704787015,1487947073723395109
900,1487947074704788923,1487947074720505952
901,1487947075704770088,1487947075720045089
902,1487947076704788923,1487947076720587015
903,1487947077704790115,1487947077722013950
904,1487947078704785108,1487947078720422983
905,1487947079704777002,1487947079720844984
906,1487947080704798936,1487947080759308099
907,1487947081704785108,1487947081732429981
908,1487947082704797029,1487947082727582931
909,1487947083704778909,1487947083721309900
910,1487947084704801082,1487947084721479892
911,1487947085704786062,1487947085722659111
912,1487947086704785108,1487947086720529079
913,1487947087704785108,1487947087720777988
914,1487947088704791069,1487947088723855972
915,1487947089704803943,1487947089720040082
916,1487947090704787015,1487947090721250057
917,1487947091704781055,1487947091720513105
918,1487947092704791069,1487947092724654912
919,1487947093704794883,1487947093723735094
920,1487947094704790115,1487947094721101045
921,1487947095704776048,1487947095720608949
922,1487947096704787015,1487947096722271919
923,1487947097704798936,1487947097722110986
924,1487947098704791069,1487947098720441102
925,1487947099704777002,1487947099721473932
926,1487947100704185962,1487947100719517946
927,1487947101704771995,1487947101721525907
928,1487947102704772949,1487947102721508979
929,1487947103704790115,1487947103720556974
930,1487947104704783916,1487947104720662117
931,1487947105704781055,1487947105724390983
932,1487947106704798936,1487947106720741987
933,1487947107704771041,1487947107720196008
934,1487947108704762935,1487947108719263076
935,1487947109704782009,1487947109723164081
936,1487947110704770088,1487947110722856998
937,1487947111704770088,1487947111722076892
938,1487947112704768896,1487947112720159053
939,1487947113704766035,1487947113722523927
940,1487947114704838991,1487947114739886999
941,1487947115704786062,1487947115720719099
942,1487947116705056905,1487947116721263885
943,1487947117704771995,1487947117721164941
944,1487947118704781055,1487947118720571041
945,1487947119704164028,1487947119721162080
946,1487947120704785108,1487947120722641944
947,1487947121704782962,1487947121721204042
948,1487947122704791069,1487947122722127914
949,1487947123704782962,1487947123720164060
950,1487947124704777956,1487947124719973087
951,1487947125704766035,1487947125721847057
952,1487947126704785108,1487947126723320007
953,1487947127704773902,1487947127724674940
954,1487947128704781055,1487947128720274925
955,1487947129704785108,1487947129720710039
956,1487947130704770088,1487947130721591949
957,1487947131704763889,1487947131724417924
958,1487947132704765081,1487947132720673084
959,1487947133704771041,1487947133721627950
960,1487947134704778909,1487947134720804929
961,1487947135704757928,1487947135721502065
962,1487947136704767942,1487947136721127033
963,1487947137704761028,1487947137722506046
964,1487947138704761981,1487947138721363067
965,1487947139704752922,1487947139722706079
966,1487947140704791069,1487947140723877906
967,1487947141704781055,1487947141720746040
968,1487947142704788923,1487947142722543954
969,1487947143704780101,1487947143720958948
970,1487947144704793930,1487947144721175909
971,1487947145704794883,1487947145720452070
972,1487947146704786062,1487947146721499919
973,1487947147704785108,1487947147720415115
974,1487947148704780101,1487947148721076965
975,1487947149704785108,1487947149720422029
976,1487947150704560995,1487947150720592021
977,1487947151704797029,1487947151720828056
978,1487947152704798936,1487947152720685958
979,1487947153704787969,1487947153721028089
980,1487947154704798936,1487947154721251964
981,1487947155704793930,1487947155721260070
982,1487947156704787015,1487947156736433982
983,1487947157704792976,1487947157720654010
984,1487947158704791069,1487947158722150087
985,1487947159704323053,1487947159730138063
986,1487947160704071998,1487947160721285104
987,1487947161704195022,1487947161719794034
988,1487947162704793930,1487947162720982074
989,1487947163704772949,1487947163720647096
990,1487947164704792976,1487947164722310066
991,1487947165704777956,1487947165721498966
992,1487947166704797029,1487947166723402976
993,1487947167704787969,1487947167721213102
994,1487947168704770088,1487947168722632884
995,1487947169704771995,1487947169720381021
996,1487947170704787015,1487947170721143960
997,1487947171704782962,1487947171721729993
998,1487947172704782009,1487947172720578908
999,1487947173704798936,1487947173722527980
1000,1487947174704787015,1487947174725368976
1001,1487947175704788923,1487947175722713947
1002,1487947176704786062,1487947176721499919
1003,1487947177704776048,1487947177720815896
1004,1487947178704781055,1487947178721347093
1005,1487947179704766988,1487947179720782041
1006,1487947180704787969,1487947180721045017
1007,1487947181704786062,1487947181721525907
1008,1487947182704780101,1487947182721158981
1009,1487947183704787015,1487947183721932888
1010,1487947184704787015,1487947184725222110
1011,1487947185704766035,1487947185720316886
1012,1487947186704787969,1487947186722882032
1013,1487947187704763889,1487947187720349073
1014,1487947188704792976,1487947188720930099
1015,1487947189704777956,1487947189720340967
1016,1487947190704790115,1487947190722318887
1017,1487947191704777956,1487947191723506927
1018,1487947192704788923,1487947192720283985
1019,1487947193704783916,1487947193720504045
1020,1487947194704799890,1487947194721287965
1021,1487947195704786062,1487947195721676111
1022,1487947196704794883,1487947196721647977
1023,1487947197704773902,1487947197720521926
1024,1487947198704776048,1487947198720818996
1025,1487947199703893899,1487947199720257997
1026,1487947200704797029,1487947200721276998
1027,1487947201704787969,1487947201724524021
1028,1487947202704797983,1487947202720690011
1029,1487947203704803943,1487947203723439931
1030,1487947204704787969,1487947204720654964
1031,1487947205704777956,1487947205732692956
1032,1487947206704790115,1487947206720326900
1033,1487947207704790115,1487947207723577976
1034,1487947208704833984,1487947208745130062
1035,1487947209704781055,1487947209720196962
1036,1487947210704807043,1487947210722433090
1037,1487947211705091953,1487947211720725059
1038,1487947212704786062,1487947212722347974
1039,1487947213704807043,1487947213720395088
1040,1487947214704822063,1487947214720813989
1041,1487947215704787969,1487947215720613956
1042,1487947216704797983,1487947216720144987
1043,1487947217704798936,1487947217721821069
1044,1487947218704780101,1487947218722245931
1045,1487947219704113006,1487947219719799995
1046,1487947220704787015,1487947220721410989
1047,1487947221704794883,1487947221721364974
1048,1487947222704794883,1487947222721497058
1049,1487947223704791069,1487947223720964908
1050,1487947224704794883,1487947224721352100
1051,1487947225704783916,1487947225720419883
1052,1487947226704787969,1487947226721060991
1053,1487947227704786062,1487947227721062898
1054,1487947228704792976,1487947228721389055
1055,1487947229704778909,1487947229720578908
1056,1487947230704801082,1487947230720257043
1057,1487947231704791069,1487947231720293045
1058,1487947232704793930,1487947232721925973
1059,1487947233704782962,1487947233723944902
1060,1487947234704803943,1487947234720731019
1061,1487947235704793930,1487947235721129894
1062,1487947236704794883,1487947236723546028
1063,1487947237704790115,1487947237723629951
1064,1487947238704797029,1487947238724431037
1065,1487947239704798936,1487947239722069978
1066,1487947240704794883,1487947240722064971
1067,1487947241704786062,1487947241720577001
1068,1487947242704796075,1487947242721539020
1069,1487947243704790115,1487947243720383882
1070,1487947244704787015,1487947244720899105
1071,1487947245704796075,1487947245731321096
1072,1487947246704792022,1487947246720252037
1073,1487947247704787969,1487947247721043109
1074,1487947248704792022,1487947248720454931
1075,1487947249704791069,1487947249721560955
1076,1487947250704792022,1487947250723073005
1077,1487947251704777956,1487947251722285032
1078,1487947252704773902,1487947252722517967
1079,1487947253704790115,1487947253721385002
1080,1487947254703892946,1487947254720936059
1081,1487947255704799890,1487947255722482919
1082,1487947256704798936,1487947256720654010
1083,1487947257704790115,1487947257723033905
1084,1487947258704794883,1487947258722769021
1085,1487947259704794883,1487947259723917961
1086,1487947260704788923,1487947260721903085
1087,1487947261704787969,1487947261722275018
1088,1487947262704776048,1487947262721098899
1089,1487947263704776048,1487947263720623016
1090,1487947264704782962,1487947264721236944
1091,1487947265704792976,1487947265722882986
1092,1487947266704783916,1487947266720858097
1093,1487947267704782962,1487947267726875066
1094,1487947268704780101,1487947268720782995
1095,1487947269704766988,1487947269720884084
1096,1487947270704777956,1487947270720958948
1097,1487947271704552888,1487947271725183963
1098,1487947272704772949,1487947272721975088
1099,1487947273704771041,1487947273721263885
1100,1487947274704776048,1487947274721416950
1101,1487947275704770088,1487947275721527099
1102,1487947276704540967,1487947276717679977
1103,1487947277704760074,1487947277721342086
1104,1487947278704773902,1487947278721077919
1105,1487947279704772949,1487947279721514940
1106,1487947280704780101,1487947280725729942
1107,1487947281704771041,1487947281720873117
1108,1487947282704794883,1487947282725044965
1109,1487947283704773902,1487947283722112894
1110,1487947284704782962,1487947284723673105
1111,1487947285704757928,1487947285722592115
1112,1487947286704771041,1487947286720504045
1113,1487947287704778909,1487947287720531940
1114,1487947288704782962,1487947288724258899
1115,1487947289704766988,1487947289721602916
1116,1487947290704777956,1487947290720876932
1117,1487947291704791069,1487947291722023963
1118,1487947292704778909,1487947292720272064
1119,1487947293704777002,1487947293721658945
1120,1487947294704791069,1487947294720300912
1121,1487947295704777956,1487947295722629070
1122,1487947296704785108,1487947296721146106
1123,1487947297704780101,1487947297720377922
1124,1487947298704786062,1487947298721386909
1125,1487947299704778909,1487947299722012996
1126,1487947300704785108,1487947300720969915
1127,1487947301704775094,1487947301721523046
1128,1487947302704772949,1487947302724924087
1129,1487947303704797029,1487947303722655057
1130,1487947304704787015,1487947304720576047
1131,1487947305704766988,1487947305724320888
1132,1487947306704835891,1487947306724400043
1133,1487947307704788923,1487947307720530986
1134,1487947308704797983,1487947308721328020
1135,1487947309705096006,1487947309721299886
1136,1487947310704780101,1487947310720702886
1137,1487947311704797983,1487947311720266103
1138,1487947312704781055,1487947312721263885
1139,1487947313704781055,1487947313720916986
1140,1487947314704792976,1487947314720704078
1141,1487947315704772949,1487947315723162889
1142,1487947316704777956,1487947316721663951
1143,1487947317704785108,1487947317720220088
1144,1487947318704796075,1487947318720690965
1145,1487947319704771041,1487947319725258111
1146,1487947320704797029,1487947320721554994
1147,1487947321704777956,1487947321720964908
1148,1487947322704775094,1487947322721180915
1149,1487947323704807996,1487947323721004962
1150,1487947324704790115,1487947324720530986
1151,1487947325704798936,1487947325720362901
1152,1487947326704804897,1487947326721720933
1153,1487947327704803943,1487947327720365047
1154,1487947328704796075,1487947328737323045
1155,1487947329704782962,1487947329720695018
1156,1487947330703890085,1487947330720344066
1157,1487947331704788923,1487947331722042083
1158,1487947332704799890,1487947332720347881
1159,1487947333704787969,1487947333721446990
1160,1487947334704790115,1487947334720208883
1161,1487947335704798936,1487947335721168041
1162,1487947336704797029,1487947336737087965
1163,1487947337704794883,1487947337720961093
1164,1487947338704797983,1487947338719821929
1165,1487947339704772949,1487947339720498085
1166,1487947340704782009,1487947340723933935
1167,1487947341704776048,1487947341721215963
1168,1487947342704793930,1487947342724205017
1169,1487947343704780101,1487947343720550060
1170,1487947344704253911,1487947344720415115
1171,1487947345704787015,1487947345720571041
1172,1487947346704792976,1487947346723251104
1173,1487947347704802989,1487947347721309900
1174,1487947348704792022,1487947348724464893
1175,1487947349704802989,1487947349720253944
1176,1487947350704797983,1487947350720267057
1177,1487947351704798936,1487947351721332073
1178,1487947352704782009,1487947352722533941
1179,1487947353704801082,1487947353721791982
1180,1487947354704791069,1487947354721466064
1181,1487947355704793930,1487947355721491098
1182,1487947356704799890,1487947356721151113
1183,1487947357704791069,1487947357720895051
1184,1487947358704793930,1487947358720300912
1185,1487947359704802989,1487947359720663070
1186,1487947360704788923,1487947360722251892
1187,1487947361704781055,1487947361720391035
1188,1487947362704799890,1487947362722570896
1189,1487947363704794883,1487947363724797010
1190,1487947364704791069,1487947364720247983
1191,1487947365704807996,1487947365721997976
1192,1487947366704794883,1487947366720299959
1193,1487947367704785108,1487947367723483085
1194,1487947368704801082,1487947368720907926
