0,1465612070715945959,1465612070868161916
1,1465612070817337036,1465612071172260999
2,1465612071863017082,1465612072138267993
3,1465612073073854923,1465612073525398015
4,1465612074104688882,1465612074204663038
5,1465612074951383113,1465612075278954982
6,1465612075761845111,1465612076431350946
7,1465612077822407960,1465612078337665081
8,1465612077917098999,1465612078574064970
9,1465612079511548042,1465612080029249906
10,1465612079925808906,1465612080292099952
11,1465612080843327999,1465612081220396995
12,1465612081902992963,1465612081969512939
13,1465612082837196111,1465612083110969066
14,1465612083792346000,1465612083902132034
15,1465612086477560997,1465612086566572904
16,1465612086628273010,1465612087222950935
17,1465612086865066051,1465612087750372886
18,1465612087898159980,1465612088862977981
19,1465612088825392961,1465612089588516950
20,1465612089791037082,1465612090132098913
21,1465612091244522094,1465612091309860944
22,1465612091806617975,1465612092009943008
23,1465612092819901943,1465612093099154949
24,1465612093773672103,1465612094012155055
25,1465612094948369979,1465612095081064939
26,1465612095858113050,1465612096059583902
27,1465612096846582889,1465612097125941038
28,1465612098028810977,1465612098283504009
29,1465612099053921937,1465612099124735116
30,1465612099865389108,1465612100120353937
31,1465612100847318887,1465612101149646997
32,1465612101830099105,1465612102237843990
33,1465612102776842117,1465612103188927888
34,1465612103790744066,1465612104028496980
35,1465612105913805007,1465612106193496942
36,1465612106964771986,1465612107021446943
37,1465612107163826942,1465612108147572040
38,1465612107794095993,1465612108470057964
39,1465612108922446012,1465612109455955982
40,1465612109859882116,1465612110626962900
41,1465612113305406093,1465612113420480966
42,1465612113586009979,1465612114325402975
43,1465612113751225948,1465612115977055072
44,1465612113846812963,1465612115990891933
45,1465612114874332904,1465612115993902921
46,1465612118295703887,1465612118688538074
47,1465612118497744083,1465612119396944999
48,1465612118714687108,1465612119810163021
49,1465612118827389001,1465612120547764062
50,1465612120341515064,1465612120931391954
51,1465612120836256027,1465612121450201988
52,1465612121801642894,1465612122374505996
53,1465612122916567087,1465612123105462074
54,1465612123929794073,1465612124307260036
55,1465612124794435977,1465612125067126035
56,1465612125797945976,1465612126071463108
57,1465612126803900003,1465612127054598093
58,1465612127804622888,1465612128062939882
59,1465612129053220987,1465612129841312885
60,1465612129772984981,1465612130984435081
61,1465612130737878084,1465612131607723951
62,1465612132463352918,1465612132668857097
63,1465612132771199941,1465612133593460083
64,1465612136307307004,1465612136732106924
65,1465612136527250051,1465612138178342103
66,1465612136667227029,1465612138940249919
67,1465612136801774978,1465612140660640001
68,1465612137898984909,1465612140662261009
69,1465612138916554927,1465612140849443912
70,1465612140820349931,1465612141679320096
71,1465612141120749950,1465612142749341011
72,1465612141842993021,1465612144065794944
73,1465612142879019975,1465612144514966964
74,1465612143766680955,1465612144828594923
75,1465612144785573959,1465612145441284894
76,1465612145767882108,1465612146123275995
77,1465612149817500114,1465612150011015892
78,1465612150468795061,1465612151475620031
79,1465612150969482898,1465612151756494998
80,1465612151829530954,1465612152454914093
81,1465612152827814102,1465612153069729089
82,1465612153857335090,1465612153902076005
83,1465612154836257934,1465612154901762008
84,1465612157867578029,1465612157913382053
85,1465612158466840982,1465612158559818983
86,1465612158966415882,1465612159107156038
87,1465612159092382907,1465612159580724954
88,1465612159828176021,1465612160000508069
89,1465612160833822011,1465612160923962116
90,1465612161830497026,1465612161906332969
91,1465612163093492031,1465612163124701023
92,1465612163834295988,1465612163895196914
93,1465612164829148054,1465612164883065938
94,1465612165828799009,1465612165924374103
95,1465612166827481985,1465612166844809055
96,1465612167836864948,1465612167884516000
97,1465612168827296972,1465612170065589904
98,1465612169828403949,1465612170087865114
99,1465612170826242923,1465612170936671018
100,1465612171826560974,1465612171863502979
101,1465612172835108995,1465612172887907028
102,1465612173831425905,1465612173890160083
103,1465612174879826068,1465612174929635047
104,1465612175827866077,1465612175878659963
105,1465612176827198028,1465612176868386030
106,1465612177827038049,1465612177867795944
107,1465612178826653003,1465612178909228086
108,1465612179834490060,1465612179910195112
109,1465612180832817077,1465612180904479980
110,1465612181827995061,1465612181843832969
111,1465612182832560062,1465612182901422977
112,1465612183828061103,1465612183863049983
113,1465612184828444957,1465612184843862056
114,1465612185828402042,1465612185867153882
115,1465612187065735101,1465612187210433959
116,1465612187828414916,1465612187941277027
117,1465612188828825950,1465612188855740070
118,1465612189833723068,1465612189903475999
119,1465612190834146976,1465612190910666942
120,1465612191830992937,1465612191881675958
121,1465612192827730894,1465612193281589984
122,1465612193827866077,1465612193955949068
123,1465612194835463047,1465612194855019092
124,1465612195827444076,1465612197945429086
125,1465612196826879978,1465612198797204971
126,1465612197830548048,1465612199471777915
127,1465612198833072900,1465612200309547901
128,1465612199837322950,1465612200533391952
129,1465612200828397989,1465612201186110019
130,1465612202243304967,1465612202266568899
131,1465612203370040893,1465612203417931079
132,1465612203852073907,1465612204140538930
133,1465612204846092939,1465612204881134033
134,1465612205827878952,1465612205910934925
135,1465612206835556030,1465612206891462087
136,1465612207849103927,1465612207914926052
137,1465612208827545881,1465612208846951007
138,1465612209827518939,1465612209907465934
139,1465612210834232091,1465612210878766059
140,1465612211834424018,1465612211888664960
141,1465612212832210063,1465612212910468101
142,1465612213829420089,1465612213916326999
143,1465612214859579086,1465612214886636018
144,1465612215827562093,1465612215927032947
145,1465612216839386940,1465612216925384044
146,1465612217827805042,1465612217868174076
147,1465612218829245090,1465612218863704919
148,1465612219831037998,1465612219882222890
149,1465612220844228029,1465612220909239053
150,1465612221831923007,1465612221899344921
151,1465612222829390048,1465612222911252021
152,1465612223844002008,1465612223881434917
153,1465612224828303098,1465612224873873949
154,1465612225829504013,1465612225882953882
155,1465612226827570915,1465612226853044986
156,1465612227831404924,1465612227851223945
157,1465612228830413103,1465612229476841926
158,1465612229828272104,1465612230029292106
159,1465612230838747024,1465612230858338117
160,1465612231828907012,1465612231888833999
161,1465612232842385053,1465612232922318935
162,1465612233853423118,1465612233900151014
163,1465612234827115058,1465612234854186058
164,1465612235853437900,1465612235908323049
165,1465612236838958024,1465612236907288074
166,1465612237828412055,1465612237844319105
167,1465612238826845884,1465612240220732927
168,1465612239828845977,1465612240510035037
169,1465612240827460050,1465612241127423048
170,1465612241844496965,1465612241923285007
171,1465612242835752964,1465612242911396026
172,1465612243829540967,1465612243865156888
173,1465612244827187061,1465612244869771957
174,1465612245832433938,1465612245958884000
175,1465612246822417974,1465612246933706045
176,1465612247821866035,1465612247847179889
177,1465612248836105108,1465612249021765947
178,1465612249827238082,1465612249855360031
179,1465612250829026937,1465612250914707899
180,1465612251849730968,1465612251894284009
181,1465612252854542016,1465612252887526035
182,1465612253844857931,1465612253915981054
183,1465612254845416069,1465612254908866882
184,1465612255826555013,1465612255860017061
185,1465612256827055931,1465612257114485979
186,1465612257824317932,1465612258137449026
187,1465612258829148054,1465612259863394021
188,1465612259836869001,1465612260145797967
189,1465612260829627037,1465612260934195041
190,1465612261829164028,1465612261973823070
191,1465612262830070018,1465612262916157007
192,1465612263821115970,1465612263885855913
193,1465612264821183919,1465612264913362979
194,1465612265828058958,1465612265872914075
195,1465612266821470022,1465612266858506917
196,1465612267833204984,1465612267898942947
197,1465612268830471992,1465612268891789913
198,1465612269827383041,1465612269859790086
199,1465612270846838951,1465612270905189037
200,1465612271827310085,1465612272263575077
201,1465612272827624082,1465612272904887914
202,1465612273828594923,1465612273905745029
203,1465612274827332973,1465612275045321941
204,1465612275830008029,1465612275968645095
205,1465612276828541994,1465612277138567924
206,1465612277827197074,1465612277977931976
207,1465612278831403970,1465612278891220092
208,1465612279829535961,1465612280090765953
209,1465612280829755067,1465612280870332002
210,1465612281827433109,1465612281912096977
211,1465612282826271057,1465612283238979101
212,1465612283828121900,1465612284002568960
213,1465612284827244043,1465612284907211065
214,1465612285828418970,1465612285938431978
215,1465612286827661991,1465612286924932003
216,1465612287826924085,1465612287969836950
217,1465612288826757907,1465612290084625005
218,1465612289827584028,1465612290160684108
219,1465612290833376884,1465612290887475013
220,1465612291834455013,1465612291874917984
221,1465612292831003904,1465612292917614936
222,1465612293826318025,1465612294740488052
223,1465612294829737901,1465612295105211973
224,1465612295821492910,1465612295960050106
225,1465612296821506977,1465612296927417993
226,1465612297829741001,1465612297907056093
227,1465612298821685075,1465612298902467012
228,1465612299821361064,1465612299943325042
229,1465612300821439027,1465612300983458042
230,1465612301828999996,1465612302014659881
231,1465612302826414108,1465612302858386039
232,1465612303825751066,1465612303851078033
233,1465612304825470924,1465612304838064908
234,1465612305826234102,1465612305842093944
235,1465612306827917098,1465612306873686075
236,1465612307826719045,1465612307843240976
237,1465612308821556091,1465612308866169929
238,1465612309824522018,1465612309887336015
239,1465612310821571111,1465612310879019021
240,1465612311824457883,1465612311842873096
241,1465612312820734024,1465612312956490993
242,1465612313821369886,1465612313944159984
243,1465612314823044061,1465612315004390954
244,1465612315821384906,1465612315898324966
245,1465612316826910018,1465612317114269018
246,1465612317826548099,1465612318168311119
247,1465612318826659917,1465612319120107889
248,1465612319951523065,1465612319974528074
249,1465612320846219062,1465612320887880086
250,1465612323332398891,1465612324939342021
251,1465612323752567052,1465612326168160915
252,1465612323827482938,1465612326173176050
253,1465612324826631069,1465612326173966884
254,1465612325828886032,1465612326179176092
255,1465612326833774089,1465612326909405946
256,1465612327827943086,1465612327958364963
257,1465612328836555957,1465612328950301885
258,1465612329827040910,1465612329863936901
259,1465612330834008932,1465612330891361951
260,1465612331828326940,1465612331930998086
261,1465612332827017068,1465612332915921926
262,1465612334149920940,1465612334172252893
263,1465612334827187061,1465612334944312095
264,1465612335829946994,1465612335893182039
265,1465612336830248117,1465612338169465065
266,1465612337826824903,1465612338523173093
267,1465612338827511072,1465612339208647966
268,1465612339829669952,1465612339955779075
269,1465612340826524019,1465612340877178907
270,1465612341832988023,1465612341855170011
271,1465612342829061031,1465612342923724889
272,1465612343831763029,1465612343898272991
273,1465612344839430093,1465612344890594959
274,1465612345829454898,1465612345847346067
275,1465612346827856063,1465612347046202898
276,1465612347828530073,1465612347930973052
277,1465612348827586889,1465612349477744102
278,1465612349827296018,1465612349989177942
279,1465612350827645063,1465612350902400970
280,1465612351850527048,1465612351906409978
281,1465612352941081047,1465612352961268901
282,1465612353829719066,1465612353926323890
283,1465612354827470064,1465612354842398881
284,1465612355827532052,1465612355844156980
285,1465612356828356027,1465612356905301094
286,1465612357830843925,1465612357883577108
287,1465612358830292940,1465612358914508104
288,1465612359828255891,1465612359862307071
289,1465612360856367111,1465612360906383991
290,1465612361849350929,1465612361904938936
291,1465612362828854084,1465612362948251962
292,1465612363833395957,1465612363946811914
293,1465612364842427015,1465612364895971059
294,1465612365844276905,1465612365903114080
295,1465612366854820966,1465612366914813995
296,1465612368424360990,1465612368511997938
297,1465612369036263942,1465612369117683887
298,1465612369827173948,1465612369933866024
299,1465612370827673912,1465612370920764923
300,1465612371827784061,1465612371929470062
301,1465612372827785015,1465612372848921060
302,1465612374909044981,1465612375083210945
303,1465612374929794073,1465612375103852987
304,1465612375829114913,1465612375907007932
305,1465612376824420928,1465612378189147949
306,1465612377825942039,1465612379429049968
307,1465612378837421894,1465612379580924987
308,1465612380025420904,1465612380073566913
309,1465612380828790903,1465612380940290927
310,1465612381827625989,1465612381947658061
311,1465612382828016042,1465612382925088882
312,1465612383834187984,1465612383907480955
313,1465612384834963083,1465612384873527050
314,1465612385826561927,1465612385847636938
315,1465612386843085050,1465612386895268917
316,1465612387831458091,1465612387900069952
317,1465612388836755990,1465612388915936946
318,1465612389837779998,1465612389853420972
319,1465612390831007957,1465612390879504919
320,1465612391837873935,1465612391928456068
321,1465612392843529939,1465612392863750934
322,1465612393827976942,1465612393925151109
323,1465612394830354928,1465612394902293920
324,1465612395826925039,1465612395894898891
325,1465612396831408023,1465612396889600038
326,1465612397830029010,1465612398068167924
327,1465612398833494901,1465612398888453960
328,1465612399829937934,1465612399918960094
329,1465612400828293085,1465612400869786024
330,1465612401849526882,1465612401894732952
331,1465612402828852891,1465612402877083063
332,1465612403840969085,1465612403931937932
333,1465612404832139968,1465612404928196907
334,1465612405828011035,1465612405841341018
335,1465612406830796957,1465612406898874044
336,1465612407827284097,1465612407954528093
337,1465612409155405998,1465612409423285007
338,1465612409826826095,1465612409925106048
339,1465612410825846910,1465612410947813987
340,1465612411825922012,1465612411875590085
341,1465612412833632946,1465612412879004955
342,1465612413837986946,1465612413909346103
343,1465612414830154895,1465612414891112089
344,1465612415829451084,1465612415870052099
345,1465612416830687046,1465612416931725025
346,1465612417832396984,1465612417871483087
347,1465612418830951929,1465612418895586967
348,1465612419828267097,1465612419844872951
349,1465612420827569007,1465612420953351020
350,1465612421829870939,1465612421919228076
351,1465612422826891899,1465612422853885889
352,1465612423828140020,1465612423860088109
353,1465612424826833963,1465612424899210929
354,1465612425830368041,1465612425857157945
355,1465612426848577022,1465612426907150030
356,1465612427829406976,1465612427957238912
357,1465612428827383995,1465612428921971082
358,1465612429826924085,1465612430528394937
359,1465612430827100992,1465612431455734968
360,1465612431827152967,1465612433501359939
361,1465612432827189922,1465612433633930921
362,1465612433863507032,1465612434215073108
363,1465612434827866077,1465612434865261077
364,1465612435829540014,1465612435904664039
365,1465612436838782072,1465612436959727048
366,1465612437831198930,1465612438122797012
367,1465612438848054885,1465612439237761974
368,1465612439858194112,1465612439941570043
369,1465612440847003936,1465612440924137115
370,1465612441937912940,1465612441959631919
371,1465612442847595930,1465612442868349075
372,1465612443829647064,1465612443884706020
373,1465612444836779117,1465612444853858947
374,1465612445845886945,1465612445878828048
375,1465612446827682018,1465612446908993959
376,1465612447833687067,1465612447928666114
377,1465612448832880973,1465612448908920049
378,1465612449827709913,1465612449870073080
379,1465612450834063053,1465612450886552095
380,1465612451832273960,1465612451904730081
381,1465612452831557035,1465612452918385028
382,1465612453830822944,1465612453888118982
383,1465612454832190990,1465612454890229940
384,1465612455829920053,1465612455932554960
385,1465612456828938961,1465612456930617094
386,1465612457827362060,1465612457909277915
387,1465612458831159114,1465612458899934053
388,1465612459852447032,1465612459901695966
389,1465612460828181982,1465612460855436086
390,1465612461828100919,1465612461854016065
391,1465612462831448078,1465612462887351036
392,1465612463827766895,1465612463928411960
393,1465612464827642917,1465612464852226972
394,1465612465831581115,1465612465881266117
395,1465612466828268051,1465612466851233959
396,1465612467826556921,1465612467840658903
397,1465612468826663017,1465612469612840890
398,1465612469827837944,1465612470251019954
399,1465612470827616930,1465612471167336940
400,1465612471828600883,1465612471906677007
401,1465612472829267978,1465612472910824060
402,1465612473833009958,1465612474026356935
403,1465612474827792882,1465612476747972965
404,1465612475827503919,1465612478044550895
405,1465612476827112913,1465612478569390058
406,1465612477827630996,1465612479450977087
407,1465612478828114032,1465612480091495037
408,1465612479828958988,1465612480499917030
409,1465612480828121900,1465612481266638994
410,1465612481832233905,1465612481873215913
411,1465612482847012996,1465612482911787986
412,1465612483829731941,1465612483913733959
413,1465612484852004051,1465612484913912057
414,1465612485821290016,1465612485841687917
415,1465612486821156024,1465612486864264965
416,1465612487823436021,1465612487902443885
417,1465612488820880889,1465612488915096998
418,1465612489823802947,1465612489906708002
419,1465612490821441888,1465612490891627073
420,1465612491821840047,1465612491923434019
421,1465612492821540117,1465612492850400924
422,1465612493821121931,1465612493836178064
423,1465612494825334072,1465612494896790027
424,1465612495826994895,1465612495856570005
425,1465612496823873043,1465612497085045099
426,1465612497826234102,1465612498099522113
427,1465612499380809068,1465612501092014074
428,1465612499830810070,1465612501676218986
429,1465612500920619010,1465612502200941085
430,1465612501834099054,1465612502871969938
431,1465612502827205896,1465612503497787952
432,1465612503827491044,1465612504476229906
433,1465612504828520059,1465612506341727018
434,1465612505828042984,1465612506740904092
435,1465612506826996088,1465612507478621959
436,1465612507828669071,1465612508191190004
437,1465612508824491024,1465612508981977939
438,1465612509827236890,1465612509951215982
439,1465612510849524974,1465612510907696008
440,1465612511827905893,1465612511878372907
441,1465612512829085111,1465612512853368997
442,1465612513826833009,1465612514012029886
443,1465612514826913118,1465612516943589925
444,1465612515827557086,1465612517567907094
445,1465612516979934930,1465612517785531997
446,1465612517827855110,1465612518091134071
447,1465612518855562925,1465612518898540973
448,1465612519828948020,1465612519873450994
449,1465612520828258991,1465612520868803024
450,1465612521833086967,1465612521920198917
451,1465612522831866025,1465612522861553907
452,1465612523839473962,1465612523946907997
453,1465612524831223011,1465612524909595966
454,1465612525828130006,1465612526008255004
455,1465612526833410024,1465612526883722066
456,1465612527847126007,1465612527878902912
457,1465612529048449039,1465612529326289892
458,1465612529835107088,1465612529921137094
459,1465612530850090980,1465612530911968946
460,1465612531827415943,1465612531907948017
461,1465612532844146966,1465612532921554088
462,1465612533847047090,1465612534060322999
463,1465612534829785108,1465612534885680913
464,1465612535839102029,1465612535936995983
465,1465612536830353975,1465612536899580955
466,1465612537829551935,1465612537909955978
467,1465612538826580047,1465612538931241989
468,1465612539827706098,1465612539904464960
469,1465612540827066898,1465612540923119068
470,1465612541821716070,1465612541916477918
471,1465612542821455001,1465612542857180118
472,1465612543822729110,1465612543845797061
473,1465612544823846101,1465612544913623094
474,1465612545821330070,1465612545934881925
475,1465612546821549892,1465612546930903911
476,1465612547821688890,1465612547963113069
477,1465612548824342966,1465612548902568101
478,1465612549821093082,1465612549899004936
479,1465612550825618028,1465612550870750904
480,1465612551822062015,1465612551898690938
481,1465612552821851968,1465612552894838094
482,1465612553820656061,1465612553913184881
483,1465612554821377992,1465612554913381099
484,1465612555821753978,1465612555892380952
485,1465612556825311899,1465612557004869937
486,1465612557821330070,1465612558101931095
487,1465612558828007936,1465612558938245058
488,1465612559830250978,1465612559969842910
489,1465612560827486038,1465612560995980978
490,1465612561829210042,1465612561983676910
491,1465612562832475900,1465612562930006980
492,1465612563827508926,1465612565900840997
493,1465612564861980915,1465612566515978097
494,1465612565833832979,1465612567270334005
495,1465612566827387094,1465612567561928033
496,1465612567827131986,1465612568249881029
497,1465612568827572107,1465612569089051008
498,1465612569828082084,1465612569861617088
499,1465612570828696966,1465612570900207042
500,1465612571828164100,1465612571854491949
501,1465612572827570915,1465612572965912103
502,1465612573841626882,1465612573913500070
503,1465612574827950000,1465612574913250923
504,1465612575829027891,1465612575871366977
505,1465612576839497089,1465612576870100021
506,1465612577827657938,1465612577947417974
507,1465612578827797889,1465612578925954103
508,1465612579827239036,1465612579990338087
509,1465612580827234983,1465612580853455066
510,1465612581827476978,1465612582041825056
511,1465612582828706979,1465612582921056985
512,1465612583825956106,1465612584002089977
513,1465612584829840898,1465612584935849905
514,1465612585827780008,1465612585935060024
515,1465612586827487945,1465612587750222921
516,1465612587828031063,1465612587860174894
517,1465612588827816009,1465612590095004081
518,1465612589826766014,1465612590438414096
519,1465612590828361034,1465612591831357955
520,1465612591832914113,1465612591926733016
521,1465612592827445983,1465612592919233083
522,1465612593820660114,1465612594049804925
523,1465612594821261882,1465612594915355920
524,1465612595825807094,1465612595939141035
525,1465612596821311950,1465612596909621953
526,1465612597821480035,1465612597895102977
527,1465612598821451902,1465612598898847103
528,1465612599822999000,1465612599910789012
529,1465612600822401046,1465612600917819023
530,1465612601823628902,1465612601889568090
531,1465612602821286916,1465612603028526067
532,1465612603821250915,1465612603924479961
533,1465612604822355031,1465612604980515003
534,1465612605821465015,1465612606009923934
535,1465612606821707963,1465612606917618989
536,1465612607821175098,1465612607846860885
537,1465612608820667028,1465612609426312923
538,1465612609820641040,1465612609917157888
539,1465612610821400880,1465612610844449043
540,1465612611821495056,1465612611869776010
541,1465612612821667909,1465612612911569118
542,1465612613821408033,1465612613917709112
543,1465612614821113109,1465612614858691930
544,1465612615822328090,1465612615899955034
545,1465612616821391105,1465612617016197919
546,1465612617836457014,1465612618064107894
547,1465612618835633993,1465612619197125911
548,1465612619825201034,1465612619860183000
549,1465612620826366901,1465612620884634017
550,1465612621919333934,1465612621954359054
551,1465612622827805995,1465612622943304061
552,1465612623833189964,1465612623888238906
553,1465612624837450981,1465612624850536108
554,1465612625846330881,1465612625891561985
555,1465612626828006982,1465612626929770946
556,1465612627827641963,1465612627859121084
557,1465612628837733983,1465612628920852899
558,1465612629833409070,1465612629867759943
559,1465612630829555988,1465612630916624069
560,1465612631834316015,1465612631888348102
561,1465612632831959962,1465612632940474033
562,1465612633828022956,1465612634212937116
563,1465612634828330993,1465612634934549093
564,1465612635829968929,1465612636028292894
565,1465612636843827962,1465612636897696018
566,1465612637826206922,1465612637850797891
567,1465612638833800077,1465612638924629926
568,1465612639850239992,1465612639910152912
569,1465612640828167915,1465612641018563032
570,1465612641828670024,1465612641893135070
571,1465612642843730926,1465612642907073020
572,1465612643830543994,1465612643944438934
573,1465612644843945980,1465612644863405942
574,1465612645836862087,1465612645884991884
575,1465612646835480928,1465612646931070089
576,1465612647828685998,1465612647851635932
577,1465612648827944993,1465612649532969951
578,1465612649827852964,1465612650196506977
579,1465612650828969001,1465612650994014024
580,1465612651829442977,1465612651992551088
581,1465612652826917886,1465612652998758077
582,1465612653842403888,1465612653925084114
583,1465612654821254014,1465612654896497011
584,1465612655848783969,1465612655903872013
585,1465612656828509092,1465612656924551963
586,1465612657828238010,1465612657881800889
587,1465612658831267118,1465612658923178911
588,1465612659827814102,1465612659872273921
589,1465612660859543085,1465612660892442941
590,1465612661839833974,1465612661886156082
591,1465612662828922033,1465612662932265043
592,1465612663834501028,1465612663885332107
593,1465612664826728105,1465612664929676055
594,1465612665828847885,1465612665927865982
595,1465612666827332973,1465612667283458948
596,1465612667827286958,1465612667941160917
597,1465612668829968929,1465612668884013891
598,1465612669829237937,1465612669894113063
599,1465612670861193895,1465612670898781061
600,1465612671843075037,1465612671898093938
601,1465612672846357107,1465612672909930944
602,1465612673828861951,1465612673923945903
603,1465612674829050064,1465612675186423063
604,1465612675837644100,1465612675898650884
605,1465612676836987972,1465612676988856077
606,1465612677836036920,1465612678359036922
607,1465612678835530996,1465612679019299030
608,1465612679838208913,1465612679909676074
609,1465612680827964067,1465612680941772937
610,1465612681860191106,1465612681951688051
611,1465612682829541921,1465612682864854097
612,1465612683828213930,1465612683845088958
613,1465612684827907085,1465612684859239101
614,1465612685827999114,1465612685915147066
615,1465612686842528104,1465612686904207944
616,1465612687827471017,1465612687863585948
617,1465612688830946922,1465612688914359092
618,1465612689829545974,1465612689900525093
619,1465612690835767984,1465612690878797054
620,1465612691829080104,1465612691849814891
621,1465612692829840898,1465612692879688978
622,1465612693857848882,1465612693901089906
623,1465612694856618881,1465612694889885902
624,1465612695828923940,1465612695876101016
625,1465612696827735900,1465612696854733943
626,1465612697826972007,1465612697914752006
627,1465612698826224088,1465612699169610023
628,1465612699826448917,1465612699973565101
629,1465612700826242923,1465612700841567993
630,1465612701826656103,1465612701846771955
631,1465612702826507091,1465612702843744039
632,1465612703843283891,1465612703905045986
633,1465612704833359956,1465612704945575952
634,1465612705833525896,1465612705935221910
635,1465612706827356100,1465612706867908000
636,1465612707828397035,1465612708980038881
637,1465612708832110881,1465612709708447933
638,1465612709827476978,1465612710195866107
639,1465612710828097105,1465612711102209091
640,1465612711829179048,1465612711944623947
641,1465612712829015016,1465612712901510000
642,1465612713827604055,1465612713901810884
643,1465612714840454101,1465612714894882917
644,1465612715849277973,1465612715886055946
645,1465612716824561119,1465612716865947008
646,1465612717831609964,1465612717935590028
647,1465612718829605102,1465612718988749980
648,1465612719838989019,1465612719886143922
649,1465612720828376054,1465612721030289888
650,1465612721831422090,1465612721920702934
651,1465612722830717086,1465612722894929885
652,1465612723856478929,1465612723911222934
653,1465612724827658891,1465612724943407058
654,1465612725841310024,1465612725906980037
655,1465612726829230070,1465612726879921913
656,1465612727830713033,1465612727895397901
657,1465612728821367025,1465612729034509897
658,1465612729821491956,1465612729910558938
659,1465612730822184085,1465612730927057981
660,1465612731822194099,1465612731894067049
661,1465612732822066068,1465612732895487070
662,1465612733821336984,1465612733882349014
663,1465612734823683023,1465612734935084104
664,1465612735821436882,1465612737746665000
665,1465612736829366922,1465612740731555938
666,1465612737837573051,1465612741011903047
667,1465612738831757068,1465612741442329883
668,1465612739922502994,1465612741717792987
669,1465612740964234113,1465612741866698980
670,1465612741843405961,1465612742760560035
671,1465612743693535089,1465612744136495113
672,1465612743858082056,1465612744504493951
673,1465612744828063964,1465612745073039054
674,1465612745827702045,1465612745955530881
675,1465612746869927883,1465612747049572944
676,1465612747828620910,1465612748019685029
677,1465612748835228919,1465612748941169023
678,1465612749829648971,1465612749953402996
679,1465612750834911108,1465612750900268077
680,1465612751827898025,1465612751907305955
681,1465612752828450918,1465612752976037025
682,1465612753843573093,1465612753879755020
683,1465612754827090978,1465612754844854116
684,1465612755830410003,1465612755903311967
685,1465612756827971935,1465612756865114927
686,1465612757828346014,1465612757852397918
687,1465612758830941915,1465612758892402887
688,1465612759844588994,1465612759883725881
689,1465612760830336093,1465612760854222059
690,1465612761834408998,1465612761863909006
691,1465612762832331895,1465612762883752107
692,1465612763835386037,1465612763897088050
693,1465612764827368974,1465612764934214115
694,1465612765831311941,1465612765937092065
695,1465612766829246044,1465612766888083934
696,1465612767826622009,1465612767874238014
697,1465612768827805042,1465612769526494979
698,1465612769828943967,1465612770044950008
699,1465612770827616930,1465612770906954050
700,1465612771852202892,1465612771897011041
701,1465612772826917886,1465612773138437986
702,1465612773828005075,1465612773899976015
703,1465612774829040050,1465612774967588901
704,1465612775836736917,1465612775911660909
705,1465612776835110902,1465612776913408041
706,1465612777827670097,1465612777949415922
707,1465612778833061933,1465612778922492027
708,1465612779842533111,1465612779893649101
709,1465612780850353956,1465612780897073984
710,1465612781837903976,1465612781917041063
711,1465612782831137895,1465612782914110898
712,1465612783850132942,1465612783883132934
713,1465612784828618049,1465612784893088102
714,1465612785841131925,1465612785918535947
715,1465612786834583044,1465612786899622917
716,1465612787826771020,1465612787937438964
717,1465612788833801031,1465612788897829055
718,1465612789827977895,1465612789883238077
719,1465612790833087921,1465612790876327037
720,1465612791827205896,1465612791840514898
721,1465612792834028959,1465612792876564025
722,1465612793829355001,1465612793892854928
723,1465612794828835010,1465612794925110101
724,1465612795830215930,1465612795894082069
725,1465612796835139036,1465612796960364103
726,1465612797829127073,1465612799748610019
727,1465612798984631061,1465612800008506059
728,1465612799833036899,1465612800128191947
729,1465612800839020013,1465612800928280115
730,1465612801835994958,1465612802015227079
731,1465612802829602003,1465612802930334091
732,1465612803828905105,1465612803974870920
733,1465612804827188014,1465612804928576946
734,1465612805827452898,1465612805863162040
735,1465612806830538034,1465612806888530015
736,1465612807834264039,1465612807921457052
737,1465612808834264039,1465612808855798959
738,1465612809827841043,1465612809949497938
739,1465612810839610099,1465612810963025093
740,1465612811830125093,1465612811922278881
741,1465612812826543092,1465612812945717096
742,1465612813831660985,1465612813927160024
743,1465612814829258918,1465612814909781932
744,1465612815830174922,1465612815866089105
745,1465612816832010030,1465612816888943910
746,1465612817831007003,1465612817876563072
747,1465612818834244966,1465612818903460979
748,1465612819827492952,1465612819931194067
749,1465612820827680110,1465612820875125885
750,1465612821828670024,1465612821970304965
751,1465612822835227012,1465612822931273937
752,1465612823841867923,1465612823893701076
753,1465612824827116966,1465612824921227931
754,1465612825835377931,1465612825893672943
755,1465612826830759048,1465612826912467002
756,1465612827827554941,1465612827938246011
757,1465612828826781034,1465612829494673967
758,1465612829827414989,1465612829963969945
759,1465612830845103979,1465612830899270057
760,1465612831844543933,1465612831901091098
761,1465612832828125953,1465612832846097946
762,1465612833837407112,1465612833930774927
763,1465612834846461057,1465612834904414892
764,1465612835841425895,1465612835895754098
765,1465612836827873945,1465612837075486898
766,1465612837848957061,1465612837910123109
767,1465612838828851938,1465612838886279106
768,1465612839847412109,1465612839922395944
769,1465612840842544078,1465612840888183116
770,1465612841832057952,1465612841999608039
771,1465612843102866888,1465612843125164985
772,1465612843829967021,1465612843911108016
773,1465612844861166000,1465612844921921968
774,1465612845833997011,1465612845923356056
775,1465612846844259023,1465612846949131011
776,1465612847828109025,1465612847864061117
777,1465612848821330070,1465612848937741041
778,1465612849826443910,1465612849887347936
779,1465612850826292037,1465612850885755062
780,1465612851823556900,1465612851886344909
781,1465612852931256055,1465612852956854104
782,1465612853829509973,1465612853926215887
783,1465612854827960014,1465612854873826980
784,1465612855827646017,1465612855859206914
785,1465612856830446958,1465612857494175910
786,1465612857868859052,1465612858250200033
787,1465612858840203046,1465612859066078901
788,1465612859827794075,1465612860226950883
789,1465612860826966047,1465612860878432989
790,1465612861827555894,1465612861929315090
791,1465612862828387022,1465612862935023069
792,1465612863841495990,1465612863887166023
793,1465612864827306032,1465612864873100996
794,1465612865827622890,1465612866044195890
795,1465612866827524900,1465612866883032083
796,1465612867848932981,1465612867930777072
797,1465612868827148914,1465612868913491964
798,1465612869840667009,1465612869921859025
799,1465612870828198909,1465612870960939884
800,1465612871822907924,1465612871840904951
801,1465612872830025911,1465612872904854059
802,1465612873827931880,1465612873975147962
803,1465612874827624082,1465612874854542016
804,1465612875837140083,1465612875894370079
805,1465612876824008941,1465612876905719041
806,1465612877828356027,1465612877895665884
807,1465612878856549024,1465612878875812053
808,1465612879826690912,1465612879940361976
809,1465612880828691959,1465612880924736976
810,1465612881827398061,1465612881840965986
811,1465612882847403049,1465612882897507905
812,1465612883828480958,1465612883950990915
813,1465612884827739000,1465612884876044988
814,1465612885835206985,1465612885888962030
815,1465612886839335918,1465612886891889095
816,1465612887830835103,1465612887944591999
817,1465612888828046083,1465612889472832918
818,1465612889831090927,1465612890066406965
819,1465612890840502977,1465612890898184061
820,1465612891848660945,1465612891887862920
821,1465612892831650972,1465612892880379915
822,1465612893838762998,1465612893939018011
823,1465612894827627897,1465612894846229076
824,1465612895851883888,1465612895895596027
825,1465612896874154090,1465612896917074918
826,1465612897831423997,1465612897926603078
827,1465612898827703952,1465612898898624897
828,1465612899830395936,1465612899916882038
829,1465612900846038103,1465612900891625881
830,1465612901829857110,1465612901904092073
831,1465612902827697992,1465612902908121109
832,1465612903827233076,1465612903914526939
833,1465612904858269929,1465612904916069984
834,1465612905822206020,1465612905930164098
835,1465612906850794076,1465612906905083894
836,1465612907827940940,1465612907936012983
837,1465612908828105926,1465612908922491073
838,1465612909829449892,1465612909995345115
839,1465612910839739084,1465612910895061969
840,1465612911851952075,1465612911910985946
841,1465612912832532882,1465612912930241107
842,1465612913833539009,1465612913913614034
843,1465612914834163904,1465612914889862060
844,1465612915827213048,1465612916253652095
845,1465612916828691005,1465612917113512039
846,1465612917927864074,1465612918143980979
847,1465612918861109972,1465612918969053983
848,1465612919920819997,1465612919985558032
849,1465612920828716993,1465612920959813117
850,1465612921828533887,1465612921930573940
851,1465612922856944084,1465612922973135948
852,1465612923828432083,1465612923917613029
853,1465612924841475009,1465612924920279026
854,1465612925846426010,1465612925891736984
855,1465612926827759027,1465612926846688985
856,1465612927829021930,1465612927858894109
857,1465612928829632043,1465612928947916984
858,1465612930374708890,1465612930615626096
859,1465612930828071117,1465612930930237054
860,1465612931831809997,1465612931910746097
861,1465612932849281072,1465612932895423889
862,1465612933832139015,1465612933875560998
863,1465612934837759017,1465612934914164066
864,1465612935838454961,1465612935884032964
865,1465612936831403017,1465612936925837993
866,1465612937835321903,1465612937900180101
867,1465612938846996068,1465612938923468112
868,1465612939833484888,1465612939926002025
869,1465612940840467929,1465612940914570093
870,1465612941833439111,1465612941896075010
871,1465612942827135086,1465612942909863948
872,1465612943831595897,1465612943893906116
873,1465612944835391998,1465612944926851034
874,1465612945831182003,1465612945883835077
875,1465612946829722881,1465612946911032915
876,1465612947825675010,1465612947885416984
877,1465612948826076984,1465612949401741027
878,1465612949826071023,1465612949917988061
879,1465612950826457023,1465612950868232965
880,1465612951825848102,1465612951841856002
881,1465612952827761888,1465612952843172073
882,1465612953834955930,1465612953907119035
883,1465612954831294059,1465612954922952890
884,1465612955823499917,1465612955913901090
885,1465612956821187973,1465612956840759992
886,1465612957837744951,1465612957855834007
887,1465612958827440977,1465612958850123882
888,1465612959827570915,1465612959844510078
889,1465612960834438085,1465612960850542068
890,1465612961917332887,1465612962181410074
891,1465612962883080959,1465612962899306058
892,1465612963983855962,1465612964004760980
893,1465612965099076032,1465612965580568075
894,1465612968466376066,1465612968565608024
895,1465612968843736886,1465612973444200038
896,1465612969108500003,1465612973655077934
897,1465612969556622028,1465612973655397891
898,1465612971050875902,1465612975051805019
899,1465612975170468091,1465612975339006900
900,1465612975415941953,1465612976180351018
901,1465612975658320903,1465612976295087099
902,1465612977171295881,1465612977809079885
903,1465612978056731939,1465612978349270105
904,1465612978832348108,1465612979062045097
905,1465612979962821960,1465612980541306018
906,1465612980596442937,1465612980897448062
907,1465612983773406028,1465612984078416109
908,1465612983921655893,1465612984723683118
909,1465612984183350086,1465612985047238111
910,1465612984669559001,1465612985279196023
911,1465612985794528961,1465612985929420948
912,1465612986776890039,1465612986975086927
913,1465612988476159095,1465612989117675065
914,1465612988754657983,1465612989240436077
915,1465612992788114070,1465612996666394948
916,1465612997144403934,1465612997833313941
917,1465613002818679094,1465613002973717927
918,1465613003192547082,1465613003607253074
919,1465613005489783048,1465613005841118097
920,1465613006252177953,1465613006437736034
921,1465613006699964046,1465613006883724927
922,1465613007340729951,1465613007584912061
923,1465613008866782903,1465613010468928098
924,1465613010693794012,1465613025418412923
925,1465613025577616930,1465613025699616909
926,1465613025894294977,1465613026200207948
927,1465613027791733026,1465613028614255905
928,1465613028702085971,1465613028899451971
929,1465613029318762063,1465613029637947082
930,1465613030823960065,1465613031164714097
931,1465613031038773059,1465613031537121057
932,1465613031818245887,1465613032035505056
933,1465613035267932891,1465613036475461006
934,1465613035529906034,1465613037217509984
935,1465613036655698060,1465613037217775106
936,1465613037064811944,1465613037431041955
937,1465613037953728914,1465613038384305953
938,1465613038270211935,1465613038596940994
939,1465613042584295034,1465613042813337087
940,1465613042781708002,1465613043115611076
941,1465613043801593065,1465613044058475971
942,1465613044947335004,1465613045455262899
943,1465613046081945896,1465613046373332023
944,1465613047246012926,1465613047553251981
945,1465613054808243036,1465613056127186059
946,1465613055057533025,1465613056138014078
947,1465613056596796989,1465613056928452968
948,1465613057241075038,1465613057488712072
949,1465613058014862060,1465613058216010093
950,1465613059434060096,1465613059744363069
951,1465613060014616966,1465613060211729049
952,1465613061663122892,1465613062034539937
953,1465613062360479116,1465613062734958887
954,1465613063514534950,1465613064824593067
955,1465613065090400934,1465613065484637022
956,1465613065396758079,1465613065753556013
957,1465613066422053098,1465613066726396083
958,1465613067682796001,1465613068108972072
959,1465613067993344068,1465613068351892948
960,1465613069389946937,1465613069665975093
961,1465613070459733963,1465613071884283065
962,1465613072026418924,1465613074679219961
963,1465613074955509901,1465613076180836915
964,1465613076043715000,1465613076383893013
965,1465613076257405042,1465613076594021081
966,1465613078377203941,1465613078675673007
967,1465613079064568996,1465613079219980955
968,1465613079328912019,1465613079518516063
969,1465613081030366897,1465613081418541908
970,1465613082249866962,1465613082637607097
971,1465613082857429981,1465613083693929910
972,1465613083973242998,1465613084147274017
973,1465613084258999109,1465613084467454910
974,1465613085708122968,1465613086018275022
975,1465613086489191055,1465613086720314979
976,1465613087092469930,1465613087372334003
977,1465613089121258020,1465613089537844896
978,1465613089462153911,1465613091072139978
979,1465613091321487903,1465613091683288097
980,1465613091695102930,1465613092700505018
981,1465613092873307943,1465613093117511987
982,1465613093168004989,1465613093480829000
983,1465613095513192892,1465613095830821990
984,1465613096766015052,1465613097470784902
985,1465613096896264076,1465613098087129116
986,1465613097147084951,1465613098141201019
987,1465613098459414005,1465613098593739986
988,1465613099356259107,1465613099655473947
989,1465613101486860990,1465613101631659984
990,1465613102024990081,1465613102245615959
991,1465613102430572986,1465613102691926002
992,1465613117212516069,1465613122516819953
993,1465613133506886005,1465613133665802001
994,1465613136956429004,1465613137084681987
995,1465613142529267072,1465613142637253046
996,1465613145893431901,1465613145921427011
997,1465613149306435108,1465613151360074043
998,1465613151410798072,1465613151561919927
999,1465613151705411911,1465613151777398109
1000,1465613152521372079,1465613152660495996
1001,1465613152603125095,1465613152711766004
1002,1465613154330759048,1465613154554064035
1003,1465613154506010055,1465613154779706954
1004,1465613155742078065,1465613155774936914
1005,1465613158237155914,1465613158335053920
1006,1465613158421096086,1465613158658298969
1007,1465613158726255893,1465613158756067037
1008,1465613159429821968,1465613159565104007
1009,1465613160407444953,1465613160451472043
1010,1465613161419079065,1465613161438030004
1011,1465613162424297094,1465613162448008060
1012,1465613163422319889,1465613163452552080
1013,1465613164440336942,1465613164469203948
1014,1465613165420471906,1465613165502052068
1015,1465613166377571105,1465613166422369003
1016,1465613167406048059,1465613167446022987
1017,1465613168397862911,1465613168438077926
1018,1465613169382869005,1465613169429286956
1019,1465613170437768936,1465613170491692066
1020,1465613171402194023,1465613171474163055
1021,1465613172390115976,1465613172460603952
1022,1465613173415199041,1465613173500492095
1023,1465613174403995990,1465613174428102016
1024,1465613175400196075,1465613175470581054
1025,1465613176310885906,1465613176333097934
1026,1465613177311337947,1465613177331382036
1027,1465613178311081886,1465613178333076000
1028,1465613179310820102,1465613179342195034
1029,1465613180310269117,1465613180335457086
1030,1465613181311017990,1465613181331108093
1031,1465613182311270952,1465613182332142114
1032,1465613183311086893,1465613183337980031
1033,1465613184310887098,1465613184333466053
1034,1465613185310471057,1465613185325489044
1035,1465613186310683965,1465613186330595970
1036,1465613187311095952,1465613187333683967
1037,1465613188311230897,1465613188365366935
1038,1465613189311258077,1465613189361509084
1039,1465613190311105012,1465613190332396030
1040,1465613191311688899,1465613191330560922
1041,1465613192311072111,1465613192330564022
1042,1465613193311294078,1465613193336646080
1043,1465613194311081886,1465613194326769113
1044,1465613196157697916,1465613196188154935
1045,1465613196310920953,1465613196347297906
1046,1465613197311577081,1465613197339915990
1047,1465613198311197996,1465613198328870058
1048,1465613199311552047,1465613199331331968
1049,1465613200311427116,1465613200338191032
1050,1465613201502527952,1465613201565840005
1051,1465613202438621044,1465613202455475091
1052,1465613203466195106,1465613203500519037
1053,1465613205399806022,1465613205709599971
1054,1465613205646951913,1465613205774348020
1055,1465613206463232040,1465613206515018939
1056,1465613207428580999,1465613207470246076
1057,1465613208410836935,1465613208473849058
1058,1465613209409538030,1465613209486664056
1059,1465613210493026018,1465613210552155971
1060,1465613211441745996,1465613211484824895
1061,1465613212460818052,1465613212496670007
1062,1465613214690995931,1465613214891442060
1063,1465613214939234018,1465613215273997068
1064,1465613215436449050,1465613215464005947
1065,1465613216410907030,1465613216447653055
1066,1465613217405245065,1465613217445194959
1067,1465613218401278018,1465613218466736078
1068,1465613219393165111,1465613219409717082
1069,1465613220391444921,1465613220463022947
1070,1465613221415520906,1465613221467253923
1071,1465613222381220102,1465613222460752010
1072,1465613223395658969,1465613223417998075
1073,1465613224389029979,1465613224532546997
1074,1465613225408020973,1465613225443960905
1075,1465613226363619089,1465613226405401945
1076,1465613227369363069,1465613227421977996
1077,1465613228338428020,1465613228365876913
1078,1465613229336044073,1465613229435992956
1079,1465613230332557916,1465613230359584093
1080,1465613231334892034,1465613231351193904
1081,1465613232330508947,1465613232365596055
1082,1465613233317701101,1465613233335800886
1083,1465613234317594051,1465613234339473962
1084,1465613235317148923,1465613235334438085
1085,1465613236317619085,1465613236335465908
1086,1465613237317189931,1465613237332154035
1087,1465613238317364931,1465613238340559005
1088,1465613239343100070,1465613239363024950
1089,1465613240324970960,1465613240340425968
1090,1465613241340286970,1465613241355789899
1091,1465613242312431097,1465613242335747957
1092,1465613243310988903,1465613243328375101
1093,1465613244311904907,1465613244330756902
1094,1465613245310882091,1465613245333784103
1095,1465613246311253070,1465613246329925060
1096,1465613247310661077,1465613247339620113
1097,1465613248311033964,1465613248333906888
1098,1465613249311042070,1465613249333177089
1099,1465613250311144113,1465613250330319881
1100,1465613251311084985,1465613251334434032
1101,1465613252310627937,1465613252371543884
1102,1465613253311088085,1465613253332779884
1103,1465613254311132907,1465613254333307981
1104,1465613255311086893,1465613255328015089
1105,1465613256311285972,1465613256336493968
1106,1465613257311134099,1465613257334707021
1107,1465613258311100006,1465613258330923080
1108,1465613259311325073,1465613259331849098
1109,1465613260310971021,1465613260339503049
1110,1465613261310899972,1465613261331617116
1111,1465613262310357093,1465613262326019048
1112,1465613263310803890,1465613263332271099
1113,1465613264310962915,1465613264335295915
1114,1465613265310379028,1465613265333148956
1115,1465613266310925006,1465613266332097053
1116,1465613267310560941,1465613267327224969
1117,1465613268310942888,1465613270099075078
1118,1465613269310206890,1465613270099559068
1119,1465613270310925006,1465613270330446958
1120,1465613271310942888,1465613271328645944
1121,1465613272310242891,1465613272330048084
1122,1465613273310178995,1465613273341114044
1123,1465613274310537099,1465613274330462932
1124,1465613275310945987,1465613275330065965
1125,1465613276311645030,1465613276328120946
1126,1465613277310030937,1465613277333772897
1127,1465613278310128927,1465613278331756114
1128,1465613279309951066,1465613279329575061
1129,1465613280310811996,1465613280333740949
1130,1465613281310148954,1465613281330013990
1131,1465613282310718059,1465613282334641933
1132,1465613283311041116,1465613283331324100
1133,1465613284311077117,1465613284413973093
1134,1465613285311131954,1465613285329469919
1135,1465613286311140060,1465613286351676940
1136,1465613287311120033,1465613287330357074
1137,1465613288311153888,1465613288331746101
1138,1465613289311355113,1465613289328515052
1139,1465613290311132907,1465613290328861951
1140,1465613291310657024,1465613291328217029
1141,1465613292310899972,1465613292329370975
1142,1465613293310611963,1465613293332123994
1143,1465613294310909986,1465613294332336902
1144,1465613295310946941,1465613295332150936
1145,1465613296310950040,1465613296330610990
1146,1465613297311162948,1465613297330709934
1147,1465613298311050891,1465613298329606056
1148,1465613299311352014,1465613299333858966
1149,1465613300310971021,1465613300329061031
1150,1465613301310965061,1465613301328363895
1151,1465613302310672998,1465613302334081888
1152,1465613303310827970,1465613303330344915
1153,1465613304310951948,1465613304332190036
1154,1465613305310950040,1465613305328548908
1155,1465613306310611009,1465613306334148883
1156,1465613307311566114,1465613307331146955
1157,1465613308310730934,1465613308329271078
1158,1465613309311219930,1465613309331842899
1159,1465613310311026096,1465613310330537080
1160,1465613311311086893,1465613311330641031
1161,1465613312311208963,1465613312326925992
1162,1465613313311163902,1465613313326601982
1163,1465613314310441970,1465613314326754093
1164,1465613315310961008,1465613315326848983
1165,1465613316311019897,1465613316327033996
1166,1465613317311033964,1465613317324457883
1167,1465613318310272932,1465613318329442024
1168,1465613319310954093,1465613319331439971
1169,1465613320311048984,1465613320332273960
1170,1465613321311203002,1465613321328959941
1171,1465613322310462951,1465613322331356048
1172,1465613323310956001,1465613323330555915
1173,1465613324311161041,1465613324331336975
1174,1465613325311129093,1465613325331473112
1175,1465613326310395002,1465613326325340986
1176,1465613327310470104,1465613327326221942
1177,1465613328311053991,1465613328336330890
1178,1465613329311228990,1465613329337116956
1179,1465613330311397075,1465613330336504936
1180,1465613331311197042,1465613331328072071
1181,1465613332310399055,1465613332330858945
1182,1465613333310273885,1465613333330569982
1183,1465613334310832977,1465613334329088926
1184,1465613335310976982,1465613335332300901
1185,1465613336310962915,1465613336334245920
1186,1465613337310400009,1465613337330403089
1187,1465613338310839891,1465613338332911014
1188,1465613339310951948,1465613339328520059
1189,1465613340310971021,1465613340332959890
1190,1465613341310405015,1465613341328810930
1191,1465613342310841083,1465613342333437919
1192,1465613343310957908,1465613343332788944
1193,1465613344310959100,1465613344404421091
1194,1465613345310406923,1465613345330413103
