359,1485205150371051073,1485205151474237918
360,1485205150800415039,1485205151504493951
361,1485205151995974063,1485205152362929105
362,1485205152085855960,1485205152872221946
363,1485205152162734985,1485205153289906978
364,1485205152255685091,1485205153422353982
365,1485205152402112007,1485205153621429920
366,1485205152504654884,1485205154144541978
367,1485205152597791910,1485205154144691944
368,1485205152714193105,1485205154144762039
369,1485205152814198970,1485205154144820928
370,1485205152901249885,1485205154144879102
371,1485205153004328012,1485205154737396001
372,1485205153092219114,1485205155122077941
373,1485205153180289030,1485205155389456033
374,1485205153270102977,1485205155467562913
375,1485205153358809947,1485205156416492938
376,1485205153444279909,1485205156736043930
377,1485205153516060113,1485205157853562116
378,1485205153602664947,1485205158239361047
379,1485205153672163963,1485205158470411062
380,1485205153759242057,1485205158502096891
381,1485205153847466945,1485205158563189029
382,1485205153939717054,1485205158639605045
383,1485205154023184061,1485205158797895908
384,1485205154134538888,1485205158857455968
385,1485205154210625886,1485205158913714885
386,1485205154293492078,1485205158971666097
387,1485205154323976039,1485205159018073081
388,1485205154325772047,1485205159059907913
389,1485205154331387996,1485205159156388044
390,1485205154336061954,1485205159284869909
391,1485205154347249031,1485205159542463064
392,1485205154351001024,1485205159863557100
393,1485205154352653980,1485205160027973890
394,1485205154356148958,1485205160218647003
395,1485205154384479999,1485205160283679008
396,1485205154385874032,1485205160400779962
397,1485205154395020008,1485205160447824954
398,1485205154402462959,1485205160573309898
399,1485205154408732891,1485205160660691976
400,1485205154429716110,1485205160794578075
401,1485205154435249090,1485205160866631984
402,1485205154437635898,1485205160929383993
403,1485205154459115028,1485205160966448068
404,1485205154466871976,1485205161033703088
405,1485205154497992038,1485205161085392951
406,1485205154507097959,1485205161164210081
407,1485205154517832994,1485205162779382944
408,1485205154532711029,1485205163579391956
409,1485205154535032987,1485205163658292055
410,1485205154542294979,1485205163775724887
411,1485205154548804044,1485205163805372953
412,1485205154573075056,1485205163828797101
413,1485205154580728054,1485205163948843955
414,1485205154585865974,1485205164203562974
415,1485205154591044902,1485205164335484981
416,1485205154592587947,1485205164789716958
417,1485205154594144105,1485205164938472032
418,1485205154598807096,1485205165008083105
419,1485205155628015041,1485205165098294973
420,1485205155704938888,1485205165169874906
421,1485205155781553983,1485205165284329891
422,1485205155853353023,1485205167326987028
423,1485205155926644086,1485205167327111005
424,1485205156033356904,1485205167327256917
425,1485205156124475955,1485205167327316045
426,1485205159621750116,1485205167327370882
427,1485205159698932886,1485205167327425003
428,1485205159797981023,1485205167327478885
429,1485205159871810913,1485205167327532052
430,1485205159940614938,1485205167327585935
431,1485205160023014068,1485205167327639102
432,1485205160110467910,1485205167327697992
433,1485205160219753980,1485205167327750921
434,1485205160328775882,1485205167327804088
435,1485205160409456014,1485205167327857017
436,1485205160512542009,1485205167327908992
437,1485205164198111057,1485205167329175949
438,1485205164591231107,1485205167569588899
439,1485205164725016117,1485205167668427944
440,1485205164803931951,1485205170712352991
441,1485205164891516923,1485205170715128898
442,1485205164953217029,1485205170715404987
443,1485205165050192117,1485205170715465068
444,1485205165146169900,1485205170715519905
445,1485205165237879037,1485205170715574026
446,1485205165304395914,1485205170715626955
447,1485205165382595062,1485205170715681076
448,1485205165454941987,1485205170715734004
449,1485205165522532939,1485205170715785980
450,1485205165575495004,1485205170715840101
451,1485205166339627027,1485205170715893030
452,1485205166418533086,1485205170957324981
453,1485205166476682901,1485205171101314067
454,1485205166545763015,1485205171215131998
455,1485205166601438045,1485205171448584079
456,1485205168708535909,1485205171517838001
457,1485205169630249977,1485205171539617061
458,1485205170034794092,1485205171572690963
459,1485205171230936050,1485205171900521039
460,1485205172324131011,1485205173595374107
461,1485205172422844886,1485205173659029006
462,1485205172544867992,1485205173691622972
463,1485205172634325027,1485205173766180992
464,1485205172752928018,1485205173932882070
465,1485205172839956045,1485205174145473003
466,1485205172902424097,1485205174392193078
467,1485205172992449045,1485205174605854988
468,1485205173056735038,1485205174890213966
469,1485205173117059946,1485205174951284885
470,1485205173216077089,1485205175165728092
471,1485205173331585884,1485205175869769096
472,1485205173410542964,1485205176553906917
473,1485205173488786935,1485205176775883913
474,1485205173585844039,1485205176910240888
475,1485205173694909095,1485205177754250049
476,1485205173799834966,1485205178096892118
477,1485205173886848926,1485205178375499010
478,1485205174009907007,1485205178451773881
479,1485205174083826065,1485205178565715074
480,1485205174163698911,1485205178620434999
481,1485205174270410060,1485205178716252088
482,1485205181526842117,1485205181589234113
483,1485205182652859926,1485205182713743925
484,1485205190673662900,1485205190732129096
485,1485205191103817939,1485205191137769937
486,1485205191688013076,1485205191749949932
487,1485205192435619115,1485205192472485065
488,1485205192545948028,1485205192589646100
489,1485205192647116899,1485205192717369079
490,1485205192759665966,1485205192810524940
491,1485205192852480888,1485205192920553922
492,1485205192942308902,1485205193007975101
493,1485205193038908004,1485205193114317893
494,1485205193142519950,1485205193200968027
495,1485205193266057014,1485205193326240062
496,1485205193382324934,1485205193463985919
497,1485205193509387016,1485205193618670940
498,1485205193622234106,1485205193760344982
499,1485205193726603031,1485205193921561956
500,1485205193869576930,1485205194352726936
501,1485205193968791961,1485205194612317085
502,1485205194064929008,1485205194697541952
503,1485205194171228885,1485205194710715055
504,1485205218525499105,1485205218601564884
505,1485205218602250099,1485205218967758893
506,1485205218966140031,1485205219038579940
507,1485205218969805002,1485205219038733959
508,1485205218976052045,1485205219069261074
509,1485205218980027914,1485205219124300956
510,1485205218983309030,1485205219124392986
511,1485205218989768981,1485205219134582042
512,1485205218992964982,1485205219142194986
513,1485205218997996091,1485205219190326929
514,1485205219013849020,1485205219190964937
515,1485205219041629076,1485205219227727890
516,1485205219043795108,1485205219306735038
517,1485205219055716991,1485205219308933019
518,1485205219070128917,1485205219338974952
519,1485205219156363964,1485205219385798931
520,1485205219265311956,1485205219575103998
521,1485205219370933055,1485205219664267063
522,1485205219508368015,1485205219802320957
523,1485205219622916936,1485205219918992996
524,1485205219747206926,1485205220012824058
525,1485205221060467004,1485205221128315925
526,1485205221246711015,1485205221311774015
527,1485205221401719093,1485205221436640977
528,1485205221505513906,1485205221560646057
529,1485205221625480890,1485205221693443059
530,1485205221771354913,1485205221883884906
531,1485205221938807010,1485205222055830001
532,1485205221981950998,1485205222138775110
533,1485205222079788923,1485205222205447912
534,1485205234139409065,1485205234224364995
535,1485205237024554014,1485205237122790098
536,1485205240630026102,1485205240690279960
537,1485205242942424058,1485205243024096965
538,1485205243111166000,1485205243143173933
539,1485205243219557046,1485205243492536067
540,1485205243313096046,1485205243695622920
541,1485205243420412063,1485205243875878095
542,1485205243454313993,1485205244022152900
543,1485205243558598995,1485205244037827968
544,1485205243672192096,1485205244356410980
545,1485205243786437988,1485205244610618114
546,1485205243884771108,1485205244726548910
547,1485205243964498996,1485205245254163980
548,1485205244053620100,1485205245366919994
549,1485205244143126010,1485205245853509902
550,1485205244199182033,1485205246229228973
551,1485205244314235925,1485205246331360101
552,1485205244414589881,1485205249927480936
553,1485205244516335964,1485205250288471937
554,1485205244628859996,1485205250316129922
555,1485205244759032011,1485205250572782993
556,1485205244867791891,1485205250723423957
557,1485205244959295034,1485205250930427074
558,1485205245068053960,1485205251312570095
559,1485205245163235902,1485205252134021997
560,1485205245279634952,1485205252380990028
561,1485205245376426935,1485205252444797992
562,1485205245482913017,1485205252545069932
563,1485205245579787969,1485205252583776950
564,1485205245665843963,1485205252667288064
565,1485205245797759056,1485205253544279098
566,1485205245873771905,1485205254129400014
567,1485205245983180046,1485205254175363063
568,1485205246073364019,1485205254289691925
569,1485205246210769891,1485205254416577100
570,1485205246295269966,1485205254493752002
571,1485205246420897006,1485205254595928907
572,1485205246515398025,1485205254652055025
573,1485205246628787040,1485205254783476114
574,1485205246728002071,1485205254899719953
575,1485205246843091964,1485205255056818962
576,1485205247749980926,1485205255087546110
577,1485205247799765110,1485205255146015882
578,1485205247872914075,1485205255238162994
579,1485205247957608938,1485205255332936048
580,1485205248063354969,1485205255507324934
581,1485205248186691045,1485205255554379940
582,1485205248262614011,1485205255743740081
583,1485205248440171957,1485205255952430963
584,1485205254684170961,1485205256223784923
585,1485205254809916019,1485205256415139913
586,1485205254924895048,1485205256641349077
587,1485205255103737115,1485205256858160018
588,1485205255262010097,1485205256927227973
589,1485205255379935026,1485205257192308902
590,1485205255525624990,1485205257546550989
591,1485205255637315988,1485205257931912899
592,1485205255767802000,1485205258015578985
593,1485205255886744022,1485205258363997936
594,1485205255950711011,1485205258581720113
595,1485205256042989969,1485205258857711076
596,1485205256146821022,1485205259129185914
597,1485205256246419906,1485205259317603111
598,1485205256347734928,1485205259511362075
599,1485205256431309938,1485205259783207893
600,1485205256532480955,1485205259888319969
601,1485205256620388031,1485205259998980998
602,1485205256760545969,1485205260111402034
603,1485205256842972040,1485205260222605943
604,1485205256915910005,1485205260509974002
605,1485205257034435987,1485205260550628900
606,1485205257136007070,1485205260566543102
607,1485205257220613002,1485205260604795932
608,1485205257281863927,1485205260880491971
609,1485205257374243021,1485205261064750909
610,1485205257832990884,1485205261074831008
611,1485205259691422939,1485205261689779996
612,1485205260986864089,1485205261869153022
613,1485205263073931932,1485205263532607078
614,1485205263205416917,1485205263893053054
615,1485205263282191038,1485205264322439908
616,1485205263374633073,1485205264581804037
617,1485205263462388992,1485205264957823038
618,1485205263602691888,1485205265624313116
619,1485205263726362943,1485205265776206016
620,1485205263822427988,1485205265946527004
621,1485205263943552017,1485205266016303062
622,1485205264049391031,1485205266395333051
623,1485205264134275913,1485205266879544973
624,1485205264233407974,1485205266918263912
625,1485205264354554891,1485205267142177104
626,1485205264455813884,1485205267409887075
627,1485205274223968982,1485205274335915088
628,1485205276920430898,1485205277015600919
629,1485205277064949035,1485205277173564910
630,1485205278681979894,1485205278750880956
631,1485205281043358087,1485205281087650060
632,1485205290437649965,1485205290510957002
633,1485205301379810094,1485205301446146011
634,1485205304263741016,1485205304354671955
635,1485205304376842975,1485205304590810060
636,1485205304438244104,1485205304871872901
637,1485205304542294979,1485205305654150009
638,1485205304675755977,1485205305982985019
639,1485205304803694963,1485205306081157922
640,1485205304904058933,1485205306088243007
641,1485205305009067058,1485205306199973106
642,1485205305111558914,1485205306433712959
643,1485205305209538936,1485205306757606029
644,1485205305295712947,1485205307086281061
645,1485205305376585006,1485205307342113018
646,1485205305457338094,1485205307560563087
647,1485205305533956050,1485205307927306890
648,1485205305632529020,1485205308115071058
649,1485205305739464044,1485205308353964090
650,1485205305812634944,1485205308561409950
651,1485205305889163017,1485205308592700004
652,1485205306008807897,1485205309070972919
653,1485205306056678056,1485205309240384101
654,1485205306131345033,1485205310102490901
655,1485205306227870941,1485205310215858936
656,1485205306343630075,1485205310247024059
657,1485205306481427907,1485205310377964973
658,1485205306566019058,1485205310928529024
659,1485205306658284902,1485205311910006046
660,1485205306786694049,1485205312044809103
661,1485205306867172956,1485205312351202964
662,1485205306994014024,1485205312465317010
663,1485205307081563949,1485205312775376081
664,1485205307165613889,1485205313730564117
665,1485205307334455013,1485205313800802946
666,1485205307437261104,1485205313837786912
667,1485205307530813932,1485205313880410909
668,1485205307618484973,1485205313942538022
669,1485205307680711984,1485205314025708913
670,1485205307779834032,1485205314034480094
671,1485205307849401950,1485205314117525100
672,1485205307952574014,1485205314147689104
673,1485205308017551898,1485205314163754940
674,1485205308949295997,1485205314204277992
675,1485205308987062931,1485205314236504077
676,1485205309068826913,1485205314309855937
677,1485205309160835981,1485205314496057033
678,1485205309270247936,1485205314627873897
679,1485205309370764017,1485205314783791065
680,1485205315161288022,1485205321773750066
681,1485205322212426900,1485205322309340953
682,1485205324093713998,1485205324285437107
683,1485205324164803981,1485205324618854045
684,1485205325198242902,1485205325250053882
685,1485205325269891023,1485205325970457077
686,1485205325447592020,1485205326290725946
687,1485205325522042036,1485205326453584909
688,1485205325588299989,1485205326595808029
689,1485205325666913986,1485205326731081008
690,1485205325775624036,1485205326869436025
691,1485205325846843004,1485205327199136018
692,1485205325945746898,1485205327328145027
693,1485205326026053905,1485205327399786949
694,1485205326124214887,1485205327496247053
695,1485205326220752954,1485205327643888950
696,1485205326361957073,1485205327716026067
697,1485205326431581974,1485205327899300098
698,1485205326518543004,1485205328329191923
699,1485205326618746995,1485205328637649059
700,1485205326700145006,1485205328820866107
701,1485205326816179990,1485205328861686944
702,1485205326913824081,1485205329140347957
703,1485205326956967115,1485205329391381978
704,1485205327033469915,1485205329641129970
705,1485205327077459096,1485205330134902000
706,1485205327154175043,1485205331150306940
707,1485205327194658041,1485205331156661033
708,1485205327280411958,1485205331158839941
709,1485205327343081951,1485205331168451070
710,1485205327460321903,1485205331171444892
711,1485205327503360033,1485205331201311111
712,1485205327593307018,1485205331207534074
713,1485205327648170948,1485205331359569072
714,1485205327753415107,1485205331563373088
715,1485205327821468114,1485205331593180894
716,1485205327928433895,1485205331894910097
717,1485205327988080024,1485205332029546976
718,1485205328082678079,1485205332503509044
719,1485205328122807025,1485205332815432071
720,1485205328223771095,1485205332949127912
721,1485205328275434970,1485205333042478084
722,1485205328401895999,1485205333162791013
723,1485205328457215070,1485205333198724031
724,1485205328538042068,1485205333204404115
725,1485205328591480970,1485205333213762998
726,1485205328689735889,1485205333214379072
727,1485205328734074115,1485205333319761991
728,1485205328845889091,1485205333365448951
729,1485205328900651931,1485205333498050928
730,1485205329006273031,1485205333567445039
731,1485205329065207958,1485205333677105903
732,1485205331908802032,1485205333777307033
733,1485205335269851922,1485205335416629076
734,1485205337405323982,1485205337543560028
735,1485205339393601894,1485205339437136888
736,1485205339773416996,1485205339923753023
737,1485205339798814058,1485205339999994039
738,1485205339911173105,1485205340208295106
739,1485205339981291055,1485205340602650880
740,1485205340090655088,1485205340982681989
741,1485205340142226934,1485205341015270948
742,1485205340274605035,1485205341015419006
743,1485205340314331054,1485205341649139881
744,1485205340417047977,1485205341703396081
745,1485205340504184961,1485205342386466979
746,1485205340616413116,1485205342386604070
747,1485205340694425106,1485205342512324094
748,1485205340828802108,1485205342791969060
749,1485205340870174884,1485205342949352979
750,1485205340936162948,1485205343272722959
751,1485205340989614009,1485205343403109073
752,1485205341097248077,1485205343535980939
753,1485205341144381999,1485205343805659055
754,1485205341235446929,1485205343884208917
755,1485205341286632061,1485205343904433965
756,1485205341382107019,1485205343943804025
757,1485205341437623023,1485205344093152999
758,1485205341550937891,1485205344206980943
759,1485205341628555059,1485205344337094068
760,1485205341728001117,1485205344420003890
761,1485205341788201093,1485205344493381977
762,1485205341942233085,1485205344512634992
763,1485205342411875009,1485205344529676914
764,1485205342717720031,1485205344546137094
765,1485205342765805959,1485205344547081947
766,1485205342897952079,1485205344555975914
767,1485205342961216926,1485205344559185028
768,1485205343038935899,1485205344563011884
769,1485205343104607105,1485205344566286087
770,1485205344607665061,1485205346515109062
771,1485205346811124086,1485205346856723070
772,1485205348193092107,1485205348224870920
773,1485205348250302076,1485205348336266994
774,1485205348376727104,1485205348429784059
775,1485205348470103025,1485205348514013051
776,1485205348655374050,1485205348740422964
777,1485205348763123035,1485205348851696014
778,1485205348890888929,1485205348979772090
779,1485205349799722909,1485205349859546899
780,1485205351990025043,1485205352082321882
781,1485205352153598070,1485205352225837945
782,1485205352249649047,1485205352365700006
783,1485205352456011056,1485205352564465999
784,1485205352527868986,1485205352719734907
785,1485205352610200881,1485205352861035108
786,1485205352698064088,1485205352879283905
787,1485205363858252048,1485205363964624881
788,1485205367690049886,1485205367746207952
789,1485205368726892948,1485205368840993881
790,1485205368830259084,1485205368989924907
791,1485205368898638010,1485205369058213949
792,1485205369036474943,1485205369146564006
793,1485205369163896083,1485205369277796983
794,1485205369300646066,1485205369389158010
795,1485205369457391023,1485205369538173913
796,1485205369577843904,1485205369687072038
797,1485205369700515031,1485205369805886030
798,1485205369789273977,1485205369904902935
799,1485205369940972089,1485205370033411026
800,1485205369942997932,1485205370173265933
801,1485205369949493885,1485205370183264017
802,1485205370137353897,1485205370280960083
803,1485205370239769935,1485205370397814989
804,1485205370402942895,1485205370541584014
805,1485205370404833078,1485205370600470066
806,1485205372372956991,1485205372440849065
807,1485205384390666007,1485205384474720001
808,1485205386282767057,1485205386382775068
809,1485205391568629026,1485205391660099029
810,1485205391690191030,1485205391773077011
811,1485205392042901992,1485205392158708095
812,1485205392174657106,1485205392244990110
813,1485205392285077095,1485205392354749917
814,1485205392414227008,1485205392583600997
815,1485205393199477910,1485205393354737043
816,1485205393279422044,1485205393456383943
817,1485205393329785108,1485205393575622081
818,1485205393359421968,1485205393684159040
819,1485205393413391113,1485205393691339969
820,1485205393506323099,1485205393812923908
821,1485205393718748092,1485205393949071884
822,1485205393858338117,1485205394108979940
823,1485205394053787946,1485205407552701950
824,1485205394208127021,1485205407553016901
825,1485205394343642950,1485205407560233116
826,1485205394542011022,1485205407572947978
827,1485205407555811882,1485205407599508047
828,1485205409239686965,1485205409325995922
829,1485205409329329967,1485205409433253049
830,1485205409469381093,1485205409579090118
831,1485205409611557960,1485205409669001102
832,1485205409759512901,1485205409863282918
833,1485205409888775110,1485205410041541099
834,1485205410030378103,1485205410172092914
835,1485205410176840066,1485205410397315025
836,1485205410332138061,1485205410471575021
837,1485205410434585094,1485205410600919008
838,1485205410561250925,1485205410734940052
839,1485205410681368112,1485205410892402887
840,1485205410851005077,1485205410990605115
841,1485205411003165960,1485205411225811958
842,1485205411173635005,1485205411360399961
843,1485205411312777996,1485205411436611890
844,1485205411464833021,1485205411602741956
845,1485205411668054103,1485205411783416032
846,1485205411833883047,1485205411893762111
847,1485205412124627113,1485205412188065052
848,1485205420559387922,1485205420705771923
849,1485205420727646112,1485205420808213949
850,1485205420853454113,1485205420968306064
851,1485205421052928924,1485205421147666931
852,1485205421211426973,1485205421301911115
853,1485205421378761053,1485205421493771076
854,1485205421560337066,1485205421630038022
855,1485205421759202003,1485205421865602016
856,1485205421932213068,1485205422014470100
857,1485205422078833103,1485205422178961038
858,1485205422243736028,1485205422344113111
859,1485205424438010931,1485205424480742931
860,1485205429978882074,1485205430051280975
861,1485205430098850011,1485205430176692962
862,1485205430284419059,1485205430535877943
863,1485205430366497039,1485205430710019111
864,1485205430528384923,1485205458630007028
865,1485205430617733955,1485205458630254030
866,1485205430807777881,1485205458630352973
867,1485205430884099960,1485205458630419969
868,1485205431834450006,1485205458630481958
869,1485205431856316089,1485205458630551099
870,1485205433610637903,1485205458630616903
871,1485205433929546117,1485205458630676984
872,1485205458631891965,1485205466699228048
873,1485205458634708881,1485205466747605085
874,1485205458646927118,1485205466747750997
875,1485205458649625062,1485205466747812986
876,1485205458657597064,1485205473770797014
877,1485205458665070056,1485205473771830081
878,1485205458673140048,1485205473772041082
879,1485205458677810907,1485205473772176027
880,1485205458683933973,1485205473772294998
881,1485205458689675092,1485205473772416114
882,1485205458695471048,1485205473773022890
883,1485205458739439010,1485205473773179054
884,1485205458741978883,1485205473773320913
885,1485205466701453924,1485205473773444890
886,1485205466749377965,1485205479232695102
887,1485205466772224903,1485205479232811927
888,1485205466777545928,1485205479232877969
889,1485205466782356023,1485205479233227968
890,1485205466786979913,1485205479233302116
891,1485205466792819976,1485205479233361005
892,1485205466797147989,1485205479233419895
893,1485205466802787065,1485205479233479976
894,1485205466813821077,1485205479233545064
895,1485205466819595098,1485205479295753955
896,1485205473774434089,1485205479373589992
897,1485205479236181974,1485205479373940944
898,1485205479240670919,1485205479374011039
899,1485205479246490955,1485205479374073028
900,1485205479254466056,1485205479374131917
901,1485205479256751060,1485205479374191999
902,1485205479266669988,1485205479374253034
903,1485205479285931110,1485205479374594926
904,1485205479287441015,1485205479374660015
905,1485205479292803049,1485205479374720096
906,1485205479359548091,1485205479448731899
907,1485205479367394924,1485205479448853015
908,1485205479375634908,1485205479488013982
909,1485205479449897050,1485205479493736982
910,1485205479452191114,1485205479502975940
911,1485205479460380077,1485205479509525060
912,1485205479462426900,1485205479521344900
913,1485205479467457056,1485205479526345968
914,1485205479472234964,1485205479533452987
915,1485205479481215000,1485205479542506933
916,1485205479566092967,1485205479646838903
917,1485205479640198945,1485205479772185087
918,1485205479895570993,1485205479954953908
919,1485205483190341949,1485205483251904010
920,1485205488630984067,1485205488719413042
921,1485205491515922069,1485205491556580066
922,1485205491726238012,1485205491833298921
923,1485205491792002916,1485205491861562013
924,1485205491942475080,1485205491968313932
925,1485205492013870954,1485205492121704101
926,1485205492176147937,1485205492268100023
927,1485205492234499931,1485205492312822103
928,1485205492377557992,1485205492434320926
929,1485205492455985069,1485205492573432922
930,1485205492592530012,1485205492724222898
931,1485205492663623094,1485205492782393932
932,1485205492852857112,1485205492883681058
933,1485205492925297021,1485205493009897947
934,1485205493086714982,1485205493196541070
935,1485205493177242040,1485205493278803110
936,1485205493306956052,1485205493382565975
937,1485205493400723934,1485205493498085021
938,1485205493549773931,1485205493611574888
939,1485205493664376020,1485205493712680101
940,1485205493846940994,1485205493892754077
941,1485205493859361886,1485205493984850883
942,1485205495259877920,1485205495387120962
943,1485205499079520940,1485205500674603939
944,1485205500567198038,1485205500692146062
945,1485205501010377883,1485205501066689968
946,1485205501098279953,1485205501148317098
947,1485205501240546941,1485205501297000885
948,1485205501403094053,1485205501452485084
949,1485205501543428897,1485205501569084882
950,1485205503469368934,1485205503575453996
951,1485205503745681047,1485205503788413047
952,1485205503949084997,1485205503996840953
953,1485205504105460882,1485205504149560928
954,1485205504301460981,1485205504352243900
955,1485205504461833000,1485205504487371921
956,1485205504623424053,1485205504663402080
957,1485205505668705940,1485205505700649976
958,1485205512616799116,1485205512698025941
959,1485205515887423992,1485205515968656063
960,1485205516793000936,1485205516866697072
961,1485205516923322916,1485205516956178903
962,1485205518997838973,1485205519065486907
963,1485205521432609081,1485205521462929010
964,1485205521562050104,1485205524409477949
965,1485205527106560945,1485205527160937070
966,1485205528041570901,1485205528127159118
967,1485205529042784929,1485205529133865118
968,1485205529116084098,1485205529193015098
969,1485205529291341066,1485205529362608909
970,1485205529501344919,1485205529573111057
971,1485205529761657953,1485205529818006992
972,1485205530426295995,1485205530516015052
973,1485205530608284950,1485205530640485048
974,1485205530836994886,1485205530874332904
975,1485205531006048917,1485205531029181003
976,1485205531180691003,1485205531223262071
977,1485205531340312004,1485205531392848968
978,1485205531510078907,1485205531543068885
979,1485205531667073965,1485205531708148002
980,1485205531796142101,1485205531843687057
981,1485205531921814918,1485205531973716974
982,1485205532067266941,1485205532123579978
983,1485205532212730884,1485205532264729022
984,1485205532375663995,1485205532446419954
985,1485205532522680044,1485205532585817098
986,1485205532699632883,1485205532794549942
987,1485205532866426944,1485205532912131071
988,1485205537987461090,1485205538035130023
989,1485205542783657073,1485205542867216110
990,1485205542860625028,1485205542970313072
991,1485205543124151945,1485205543179054975
992,1485205543416858911,1485205543471200942
993,1485205543596723079,1485205543668066024
994,1485205543828967094,1485205543945791006
995,1485205544074846982,1485205544183845043
996,1485205544242563962,1485205544308630943
997,1485205544377310037,1485205544425693988
998,1485205544540733098,1485205544627638101
999,1485205544709201097,1485205544783476114
1000,1485205544858598947,1485205544901237010
1001,1485205545004704952,1485205545097284078
1002,1485205545161477088,1485205545222060918
1003,1485205545308167934,1485205545339128017
1004,1485205545487996101,1485205545547677993
1005,1485205545654000997,1485205545788167953
1006,1485205545868848085,1485205545915514945
1007,1485205546147613048,1485205546180114030
1008,1485205546302648067,1485205546347219944
1009,1485205546404820919,1485205546454773902
1010,1485205546565805912,1485205546646693944
1011,1485205546728199005,1485205546784250020
1012,1485205546890510082,1485205546946981906
1013,1485205546967215061,1485205547021066904
1014,1485205547127804994,1485205547183752059
1015,1485205547289469003,1485205547343018054
1016,1485205547437577009,1485205547477212905
1017,1485205547536300897,1485205547590805053
1018,1485205547693456888,1485205547731074094
1019,1485205547785279989,1485205547850267887
1020,1485205547947120904,1485205548006217002
1021,1485205549157368898,1485205549213752031
1022,1485205549355410099,1485205549449537992
1023,1485205549518264055,1485205549570225954
1024,1485205549683439016,1485205549751704931
1025,1485205549846699953,1485205549938674926
1026,1485205549996604919,1485205550057946920
1027,1485205550193044900,1485205550243313074
1028,1485205555838572978,1485205555918895959
1029,1485205558307722091,1485205558385541915
1030,1485205558376393079,1485205558467235088
1031,1485205558448226928,1485205558532465934
1032,1485205558535752058,1485205558576539993
1033,1485205558637036085,1485205558732460021
1034,1485205558805685997,1485205558966876029
1035,1485205558894980907,1485205559015659093
1036,1485205559087685108,1485205559139257907
1037,1485205559238269090,1485205559279452085
1038,1485205559381802082,1485205559502571105
1039,1485205559551961898,1485205559597295045
1040,1485205559709340095,1485205559754091024
1041,1485205559875308036,1485205559962347030
1042,1485205560023744106,1485205560082603931
1043,1485205560266927003,1485205560304666042
1044,1485205560449876070,1485205560537925958
1045,1485205560651710033,1485205560710890054
1046,1485205560821661949,1485205560848434925
1047,1485205560983993053,1485205561067003011
1048,1485205561149596929,1485205561228410005
1049,1485205561533118009,1485205561610950946
1050,1485205561732652902,1485205561802544116
1051,1485205561883805036,1485205561951001882
1052,1485205562094069957,1485205562148631095
1053,1485205562500780105,1485205562547410011
1054,1485205562668941020,1485205562717856884
1055,1485205562885395050,1485205562923320055
1056,1485205563060261011,1485205563127419948
1057,1485205563239871025,1485205563289843082
1058,1485205563443129062,1485205563469038009
1059,1485205565185951948,1485205565279714107
1060,1485205565413000106,1485205565459203958
1061,1485205565574400901,1485205565622206926
1062,1485205565752152919,1485205565798217058
1063,1485205565916300058,1485205566007994890
1064,1485205566204525947,1485205566257163047
1065,1485205567983246088,1485205568121319055
1066,1485205568110517978,1485205568136082887
1067,1485205568166778087,1485205568207742929
1068,1485205568356302976,1485205568396328926
1069,1485205568849500894,1485205568903609991
1070,1485205569013292074,1485205569069226980
1071,1485205569197613000,1485205569254040002
1072,1485205569417979955,1485205569485971927
1073,1485205570161912918,1485205570346666097
1074,1485205570249475002,1485205570416874885
1075,1485205570454617977,1485205570507317066
1076,1485205571563188076,1485205571630842924
1077,1485205572776669979,1485205572852704048
1078,1485205572901072978,1485205572967011928
1079,1485205573233838081,1485205573289680004
1080,1485205573464790105,1485205573511810064
1081,1485205574609793901,1485205574716382026
1082,1485205574727437973,1485205574772090911
1083,1485205574903986930,1485205574977735996
1084,1485205575101655006,1485205575179919958
1085,1485205575308934926,1485205575420881986
1086,1485205575550674915,1485205575613219976
1087,1485205578661752939,1485205578738259077
1088,1485205578907604932,1485205578970676898
1089,1485205579143907070,1485205579200243949
1090,1485205579350465059,1485205579424776077
1091,1485205579567569971,1485205579611694097
1092,1485205585366522073,1485205585444526910
1093,1485205585509737968,1485205585567140102
1094,1485205585744617938,1485205585795928955
1095,1485205585955972909,1485205585997553110
1096,1485205586169204950,1485205586211920022
1097,1485205586345443964,1485205586383244037
1098,1485205586514517068,1485205586555944919
1099,1485205586688218116,1485205586755112886
1100,1485205586881624937,1485205586959908962
1101,1485205587103861093,1485205587158418893
1102,1485205587308221101,1485205587358105897
1103,1485205587551178932,1485205587602130889
1104,1485205604960691928,1485205605060178995
1105,1485205606190280914,1485205606240407943
1106,1485205606412803888,1485205606463378906
1107,1485205606633634090,1485205606731237888
1108,1485205606880157947,1485205606933499097
1109,1485205607200654983,1485205607242399930
1110,1485205607368726968,1485205607429008007
1111,1485205607608900070,1485205607642066001
1112,1485205607826874971,1485205607857753992
1113,1485205608041682004,1485205608096961021
1114,1485205608233613967,1485205608284882068
1115,1485205608446207046,1485205608496879100
1116,1485205608670097112,1485205608729228973
1117,1485205608881993055,1485205608955590963
1118,1485205609113843917,1485205609188322067
1119,1485205609387875080,1485205609452434062
1120,1485205620209825038,1485205620305602073
1121,1485205625913074016,1485205625991354942
1122,1485205627879859924,1485205627926445960
1123,1485205628676162958,1485205628741328954
1124,1485205629027940988,1485205629088712930
1125,1485205629415499925,1485205629518436908
1126,1485205629624989986,1485205629677356958
1127,1485205629799124956,1485205629875993013
1128,1485205630084084987,1485205630139717102
1129,1485205630299453020,1485205630350788116
1130,1485205630520556926,1485205630568005084
1131,1485205630719948053,1485205630776792049
1132,1485205630938196897,1485205630987010002
1133,1485205631151772022,1485205631203454971
1134,1485205631349987030,1485205631405118942
1135,1485205631541513919,1485205631606082916
1136,1485205631737960100,1485205631802668094
1137,1485205631941040039,1485205632006520986
1138,1485205632141343116,1485205632197968959
1139,1485205632320004940,1485205632378071069
1140,1485205632522995948,1485205632576797008
1141,1485205632713526964,1485205632752952098
1142,1485205632918276071,1485205632964804887
1143,1485205633190635919,1485205633236131906
1144,1485205635261059999,1485205635334177017
1145,1485205635433650970,1485205635495096921
1146,1485205635625957965,1485205635661825895
1147,1485205641924454927,1485205642012551069
1148,1485205642309088945,1485205642387717962
1149,1485205642556364059,1485205642623709917
1150,1485205642791249036,1485205642834211111
1151,1485205643661745071,1485205643732474088
1152,1485205647943203926,1485205648017355918
1153,1485205648178915023,1485205648250350952
1154,1485205648424659967,1485205648491570949
1155,1485205648675633907,1485205648742948055
1156,1485205648893969058,1485205649004931926
1157,1485205649121160030,1485205649188213109
1158,1485205651022835969,1485205651105801105
1159,1485205651183342933,1485205651242722034
1160,1485205651332242012,1485205651416207075
1161,1485205656990844011,1485205657059772968
1162,1485205657312028884,1485205657406795024
1163,1485205657486944913,1485205657588804006
1164,1485205657629053115,1485205657701858997
1165,1485205658122375965,1485205658212989091
1166,1485205658360441923,1485205658423161029
1167,1485205658614104032,1485205658648514032
1168,1485205658823787927,1485205658901015996
1169,1485205659036788940,1485205659100366115
1170,1485205659238884925,1485205659292371988
1171,1485205659430865049,1485205659509649038
1172,1485205659636029005,1485205659718395948
1173,1485205660026679039,1485205660105510950
1174,1485205660222062110,1485205660281296014
1175,1485205660441626071,1485205660505762100
1176,1485205662404706954,1485205662472446918
1177,1485205662754518032,1485205662820656061
1178,1485205662918833971,1485205662989742994
1179,1485205663104993104,1485205663166547060
1180,1485205663312829971,1485205663400892972
1181,1485205663509747982,1485205663557029008
1182,1485205663720016956,1485205663782624006
1183,1485205663931674003,1485205664018059968
1184,1485205664161665916,1485205664220932006
1185,1485205664394475936,1485205664457803010
1186,1485205664617850065,1485205664678339958
1187,1485205664853760004,1485205664921437978
1188,1485205665094645977,1485205665165723085
1189,1485205665307152032,1485205665368201017
1190,1485205669323236942,1485205669415937900
1191,1485205669482165098,1485205669525713920
1192,1485205669710303068,1485205669767107009
1193,1485205669946898937,1485205670001399993
1194,1485205670214319944,1485205671066207885
