0,1487965050071388006,1487965050103986024
1,1487965050094468116,1487965050119240045
2,1487965051095876932,1487965051108145952
3,1487965052095865964,1487965052124099016
4,1487965053095670938,1487965053113723993
5,1487965054095736980,1487965054108532905
6,1487965055095593929,1487965055110204935
7,1487965056095680952,1487965056117451906
8,1487965057095685958,1487965057116750001
9,1487965058095717906,1487965058112849950
10,1487965059095474004,1487965059113969087
11,1487965060095719099,1487965060126059055
12,1487965061095922946,1487965061109155893
13,1487965062095783948,1487965062118597984
14,1487965063095707893,1487965063114551067
15,1487965064095933914,1487965064113018989
16,1487965065095570087,1487965065109438896
17,1487965066096215009,1487965066111967086
18,1487965067095485925,1487965067110462903
19,1487965068095812082,1487965068112931013
20,1487965069095976114,1487965069118973016
21,1487965070095545053,1487965070110645055
22,1487965071094909906,1487965071107992887
23,1487965072095271110,1487965072108742952
24,1487965073095571994,1487965073110548019
25,1487965074095308065,1487965074109080076
26,1487965075095019102,1487965075109092950
27,1487965076095526933,1487965076109185934
28,1487965077095592975,1487965077115740060
29,1487965078095617055,1487965078110995054
30,1487965079096175909,1487965079116468906
31,1487965080095508098,1487965080112102985
32,1487965081096162080,1487965081112657070
33,1487965082096357107,1487965082110066890
34,1487965083096776962,1487965083114274978
35,1487965084096138000,1487965084111272096
36,1487965085095500946,1487965085112149953
37,1487965086096195936,1487965086112860918
38,1487965087096128940,1487965087112443923
39,1487965088096157073,1487965088114134073
40,1487965089096147060,1487965089112348079
41,1487965090096173048,1487965090114124059
42,1487965091095720052,1487965091112751960
43,1487965092095920085,1487965092117491960
44,1487965093095539093,1487965093111100912
45,1487965094096149921,1487965094113883972
46,1487965095095649957,1487965095110114097
47,1487965096096065998,1487965096117054939
48,1487965097095777034,1487965097110517978
49,1487965098096167087,1487965098114660024
50,1487965099096168041,1487965099113121032
51,1487965100095376968,1487965100117557048
52,1487965101095376968,1487965101110996961
53,1487965102096138000,1487965102116516113
54,1487965103096179008,1487965103119729042
55,1487965104096155881,1487965104110757112
56,1487965105096190929,1487965105118551969
57,1487965106096152067,1487965106111485004
58,1487965107096151113,1487965107119328022
59,1487965108096101045,1487965108112179994
60,1487965109095729112,1487965109114038944
61,1487965110096122980,1487965110111457109
62,1487965111096117973,1487965111115256071
63,1487965112096204042,1487965112109878063
64,1487965113096189975,1487965113112227916
65,1487965114096153974,1487965114118875026
66,1487965115096153020,1487965115112884044
67,1487965116096163988,1487965116109982013
68,1487965117096179008,1487965117108778953
69,1487965118096153020,1487965118117264032
70,1487965119096148967,1487965119112292051
71,1487965120096162080,1487965120113307952
72,1487965121095510959,1487965121110671043
73,1487965122096121072,1487965122118422031
74,1487965123095639944,1487965123108438014
75,1487965124096230983,1487965124113446950
76,1487965125096165895,1487965125111176013
77,1487965126096162080,1487965126112360000
78,1487965127096146106,1487965127110574960
79,1487965128095509052,1487965128114058017
80,1487965129096143007,1487965129111958980
81,1487965130095396041,1487965130111035108
82,1487965131096153974,1487965131115091085
83,1487965132096159934,1487965132114918947
84,1487965133096208095,1487965133112518072
85,1487965134096143007,1487965134110598087
86,1487965135096203088,1487965135116373062
87,1487965136096170902,1487965136112574100
88,1487965137096175909,1487965137111918926
89,1487965138095875978,1487965138111239910
90,1487965139096155881,1487965139111752033
91,1487965140095894098,1487965140112514019
92,1487965141096273899,1487965141115739107
93,1487965142096191883,1487965142111203908
94,1487965143096225023,1487965143114283084
95,1487965144095613956,1487965144110311031
96,1487965145096304893,1487965145116132974
97,1487965146096131086,1487965146113559961
98,1487965147095899105,1487965147112005949
99,1487965148096204042,1487965148112075090
100,1487965149095448970,1487965149115703105
101,1487965150095870018,1487965150114877939
102,1487965151095690011,1487965151111871957
103,1487965152096906900,1487965152111907005
104,1487965153097841024,1487965153114389896
105,1487965154097006082,1487965154115037918
106,1487965155097127914,1487965155113806962
107,1487965156096482992,1487965156115967035
108,1487965157096585988,1487965157113158941
109,1487965158096432924,1487965158114943027
110,1487965159096374034,1487965159111031055
111,1487965160096298933,1487965160113410949
112,1487965161095607995,1487965161108963012
113,1487965162096127986,1487965162115096092
114,1487965163097071886,1487965163110548973
115,1487965164096299886,1487965164114320039
116,1487965165096576929,1487965165112165927
117,1487965166096999883,1487965166114800930
118,1487965167096201896,1487965167112128019
119,1487965168096882104,1487965168111725091
120,1487965169096605062,1487965169112678050
121,1487965170096262931,1487965170113357067
122,1487965171096398115,1487965171115195035
123,1487965172096504926,1487965172111612081
124,1487965173096606016,1487965173113136053
125,1487965174096162080,1487965174111614942
126,1487965175096529960,1487965175114662885
127,1487965176096412897,1487965176111788034
128,1487965177096137046,1487965177111874103
129,1487965178096323966,1487965178111742019
130,1487965179096115112,1487965179113277912
131,1487965180096152067,1487965180112122058
132,1487965181095837116,1487965181111788988
133,1487965182096587896,1487965182112500905
134,1487965183096394062,1487965183110097885
135,1487965184096384048,1487965184114204883
136,1487965185095427036,1487965185110441923
137,1487965186096398115,1487965186116249084
138,1487965187096422910,1487965187111416101
139,1487965188095932960,1487965188117729902
140,1487965189095959901,1487965189109498023
141,1487965190096271038,1487965190109338998
142,1487965191096164941,1487965191109961032
143,1487965192095801115,1487965192113013982
144,1487965193096379995,1487965193110411882
145,1487965194096519947,1487965194111594915
146,1487965195096733093,1487965195112209081
147,1487965196095679998,1487965196110795021
148,1487965197096288919,1487965197112149953
149,1487965198095170974,1487965198109105110
150,1487965199096474885,1487965199112221956
151,1487965200096431016,1487965200111650943
152,1487965201096674919,1487965201114002943
153,1487965202096431970,1487965202112076044
154,1487965203096466064,1487965203111674070
155,1487965204095947027,1487965204109323024
156,1487965205096263885,1487965205118103027
157,1487965206096631050,1487965206113878011
158,1487965207096188068,1487965207114618062
159,1487965208096211910,1487965208111630916
160,1487965209096148967,1487965209115561962
161,1487965210096291065,1487965210113740921
162,1487965211096198081,1487965211114206075
163,1487965212096162080,1487965212112449884
164,1487965213096204996,1487965213113703012
165,1487965214096187114,1487965214115210056
166,1487965215096007108,1487965215111995935
167,1487965216095283985,1487965216111999034
168,1487965217095705032,1487965217110836029
169,1487965218096280097,1487965218111871957
170,1487965219096129894,1487965219113677024
171,1487965220095740079,1487965220111171960
172,1487965221096576929,1487965221112874984
173,1487965222095920085,1487965222116528987
174,1487965223096668004,1487965223115118026
175,1487965224096052885,1487965224115695953
176,1487965225096546888,1487965225111222028
177,1487965226096438884,1487965226112720966
178,1487965227096498966,1487965227112247943
179,1487965228096184968,1487965228114087104
180,1487965229097177982,1487965229111362934
181,1487965230095736980,1487965230112253904
182,1487965231095442056,1487965231109565019
183,1487965232096421003,1487965232110064983
184,1487965233096889019,1487965233111602067
185,1487965234096376895,1487965234110804080
186,1487965235095659971,1487965235112476110
187,1487965236096378087,1487965236113599061
188,1487965237096153974,1487965237114777088
189,1487965238096401929,1487965238110810041
190,1487965239096538066,1487965239114355087
191,1487965240096463918,1487965240112052917
192,1487965241096510887,1487965241114398956
193,1487965242095628023,1487965242111335992
194,1487965243096311092,1487965243111331939
195,1487965244096385955,1487965244110414981
196,1487965245096561908,1487965245116735935
197,1487965246096466064,1487965246113785982
198,1487965247096355915,1487965247110018014
199,1487965248096308946,1487965248112986087
200,1487965249096431016,1487965249112353086
201,1487965250096350908,1487965250112173080
202,1487965251096281051,1487965251111329078
203,1487965252096303939,1487965252112560987
204,1487965253096291065,1487965253112206935
205,1487965254096298933,1487965254116641998
206,1487965255096281051,1487965255112135887
207,1487965256096398115,1487965256113774061
208,1487965257096448898,1487965257110842943
209,1487965258096126079,1487965258114355087
210,1487965259096340894,1487965259109653949
211,1487965260096287012,1487965260114325046
212,1487965261096574068,1487965261112045049
213,1487965262096291065,1487965262112169981
214,1487965263096381902,1487965263113275051
215,1487965264096349000,1487965264110409021
216,1487965265096451044,1487965265112751960
217,1487965266096285104,1487965266108752012
218,1487965267096676111,1487965267118210077
219,1487965268096503019,1487965268112620115
220,1487965269096354961,1487965269116843938
221,1487965270096349000,1487965270112663030
222,1487965271096502065,1487965271117495059
223,1487965272096793889,1487965272110698938
224,1487965273096585988,1487965273112548112
225,1487965274096509933,1487965274111829042
226,1487965275096535921,1487965275113101005
227,1487965276096663951,1487965276108784914
228,1487965277096374988,1487965277114315986
229,1487965278095988988,1487965278110558032
230,1487965279096362113,1487965279111515998
231,1487965280096704959,1487965280118923902
232,1487965281096472024,1487965281113451957
233,1487965282096904993,1487965282112658977
234,1487965283096254110,1487965283111673116
235,1487965284095881938,1487965284112715959
236,1487965285096445083,1487965285112466096
237,1487965286096240043,1487965286114876985
238,1487965287096065998,1487965287111670017
239,1487965288096206903,1487965288113550901
240,1487965289096190929,1487965289113866090
241,1487965290096184015,1487965290113517045
242,1487965291096187114,1487965291112318038
243,1487965292096168041,1487965292114094018
244,1487965293096298933,1487965293114819049
245,1487965294096750020,1487965294112104892
246,1487965295095437049,1487965295109153032
247,1487965296095949888,1487965296109824895
248,1487965297096268892,1487965297112495899
249,1487965298096438884,1487965298112672090
250,1487965299095700025,1487965299111315965
251,1487965300096618890,1487965300110265970
252,1487965301096069097,1487965301116039991
253,1487965302096256017,1487965302111907958
254,1487965303095478057,1487965303112721920
255,1487965304096662044,1487965304111464023
256,1487965305095494031,1487965305112270116
257,1487965306096065044,1487965306112896919
258,1487965307096462011,1487965307115189075
259,1487965308096380949,1487965308111958980
260,1487965309096534013,1487965309114533901
261,1487965310096272945,1487965310112376928
262,1487965311096281051,1487965311108628988
263,1487965312096234083,1487965312113616943
264,1487965313096220970,1487965313113406896
265,1487965314096127033,1487965314114077091
266,1487965315095453023,1487965315113591909
267,1487965316096586942,1487965316113926887
268,1487965317096180915,1487965317112268924
269,1487965318096533060,1487965318110421895
270,1487965319096211910,1487965319112457036
271,1487965320095221996,1487965320115797042
272,1487965321096193075,1487965321111989974
273,1487965322096436023,1487965322111203908
274,1487965323096260070,1487965323111382007
275,1487965324095393896,1487965324114123106
276,1487965325096231937,1487965325110495090
277,1487965326096189975,1487965326113483905
278,1487965327095396041,1487965327109966039
279,1487965328095710039,1487965328108309984
280,1487965329096374034,1487965329113667011
281,1487965330096472978,1487965330111927986
282,1487965331096210002,1487965331112557888
283,1487965332095935106,1487965332112214088
284,1487965333095570087,1487965333116565942
285,1487965334095922946,1487965334111192941
286,1487965335096229076,1487965335111912965
287,1487965336096401929,1487965336110414981
288,1487965337095755100,1487965337113909006
289,1487965338096394062,1487965338112297058
290,1487965339096205949,1487965339114856004
291,1487965340096251964,1487965340110630989
292,1487965341096513032,1487965341117229938
293,1487965342095657110,1487965342110389947
294,1487965343096231937,1487965343111795902
295,1487965344096182107,1487965344113823890
296,1487965345095499992,1487965345111484050
297,1487965346096446037,1487965346113118886
298,1487965347096210002,1487965347109910964
299,1487965348096688985,1487965348113713979
300,1487965349095731019,1487965349110806941
301,1487965350096092939,1487965350118380069
302,1487965351096297025,1487965351112348079
303,1487965352095715999,1487965352111092090
304,1487965353096611976,1487965353112510919
305,1487965354096168994,1487965354116702079
306,1487965355096436977,1487965355113046884
307,1487965356096393108,1487965356112552881
308,1487965357096342086,1487965357110795974
309,1487965358096400022,1487965358111038923
310,1487965359096359968,1487965359109149932
311,1487965360096373081,1487965360112368106
312,1487965361096091985,1487965361113945007
313,1487965362096780061,1487965362113126993
314,1487965363095922946,1487965363115087032
315,1487965364096430063,1487965364113409042
316,1487965365096376895,1487965365112611055
317,1487965366096503019,1487965366110853910
318,1487965367095808029,1487965367117679119
319,1487965368096160888,1487965368111856937
320,1487965369096354007,1487965369112970113
321,1487965370096318960,1487965370111176013
322,1487965371096374988,1487965371114622116
323,1487965372096707105,1487965372112773895
324,1487965373096250057,1487965373113601922
325,1487965374096328020,1487965374113702058
326,1487965375096359014,1487965375112432956
327,1487965376096390008,1487965376116956949
328,1487965377096306085,1487965377111382961
329,1487965378096879005,1487965378112154006
330,1487965379096823930,1487965379112517118
331,1487965380096154928,1487965380112773895
332,1487965381096208095,1487965381112358093
333,1487965382096117019,1487965382111938953
334,1487965383095860004,1487965383110650062
335,1487965384096342086,1487965384115622043
336,1487965385096580028,1487965385113775968
337,1487965386096343040,1487965386117201089
338,1487965387095779895,1487965387110328912
339,1487965388096719980,1487965388117125988
340,1487965389095664978,1487965389117782115
341,1487965390096489906,1487965390111618995
342,1487965391096703052,1487965391111819982
343,1487965392096503973,1487965392112473011
344,1487965393096335887,1487965393113528013
345,1487965394096676111,1487965394111658096
346,1487965395095793008,1487965395111223936
347,1487965396096405982,1487965396111150979
348,1487965397096626043,1487965397112210988
349,1487965398097441911,1487965398112438917
350,1487965399096565961,1487965399117475986
351,1487965400096529960,1487965400110769987
352,1487965401096506118,1487965401113821029
353,1487965402096206903,1487965402111943960
354,1487965403096623897,1487965403113915920
355,1487965404096168994,1487965404109755992
356,1487965405096736907,1487965405114340066
357,1487965406096436023,1487965406111310958
358,1487965407096172094,1487965407112579107
359,1487965408096700906,1487965408111865043
360,1487965409096698999,1487965409111988067
361,1487965410096208095,1487965410109611034
362,1487965411096602916,1487965411115120887
363,1487965412096518039,1487965412112122058
364,1487965413096446990,1487965413111532926
365,1487965414096486091,1487965414116406917
366,1487965415096530914,1487965415110553979
367,1487965416096263885,1487965416113500118
368,1487965417096220016,1487965417112834930
369,1487965418095894098,1487965418114211082
370,1487965419096296072,1487965419111648082
371,1487965420096175909,1487965420111318111
372,1487965421096281051,1487965421111541032
373,1487965422095941066,1487965422116250038
374,1487965423095715999,1487965423109157085
375,1487965424096554994,1487965424116703987
376,1487965425095987081,1487965425112905979
377,1487965426096420049,1487965426111968040
378,1487965427095793962,1487965427113029003
379,1487965428096185922,1487965428112193107
380,1487965429096362113,1487965429116800069
381,1487965430095834016,1487965430111059904
382,1487965431095952033,1487965431115073919
383,1487965432096180915,1487965432113344907
384,1487965433096232891,1487965433112462997
385,1487965434096354007,1487965434112365007
386,1487965435096164941,1487965435113770008
387,1487965436096215009,1487965436110064029
388,1487965437096251964,1487965437114675998
389,1487965438096268892,1487965438112277030
390,1487965439096451997,1487965439109791994
391,1487965440096167087,1487965440110933065
392,1487965441096230983,1487965441111478090
393,1487965442096282958,1487965442112246990
394,1487965443096561908,1487965443112816095
395,1487965444096179008,1487965444111927032
396,1487965445095452070,1487965445110666036
397,1487965446096410036,1487965446112380981
398,1487965447096250057,1487965447111365079
399,1487965448096225023,1487965448117224931
400,1487965449096885919,1487965449109741926
401,1487965450096386909,1487965450115955114
402,1487965451095578908,1487965451109395027
403,1487965452095602035,1487965452112757921
404,1487965453096452951,1487965453112838029
405,1487965454096708059,1487965454112660884
406,1487965455096662044,1487965455112198114
407,1487965456096462011,1487965456111800909
408,1487965457095938920,1487965457114860057
409,1487965458095977067,1487965458111231088
410,1487965459096569061,1487965459114840984
411,1487965460095412015,1487965460108884096
412,1487965461096347093,1487965461113940000
413,1487965462096512079,1487965462110052108
414,1487965463095451116,1487965463118102073
415,1487965464095689058,1487965464110352993
416,1487965465096162080,1487965465114505052
417,1487965466096491098,1487965466110780954
418,1487965467096163988,1487965467114892005
419,1487965468095809936,1487965468113301992
420,1487965469096906900,1487965469114790916
421,1487965470096491098,1487965470112503051
422,1487965471096775054,1487965471112324953
423,1487965472096601963,1487965472114111900
424,1487965473096170902,1487965473110157966
425,1487965474096570968,1487965474113998889
426,1487965475096288919,1487965475110738039
427,1487965476096524953,1487965476114274978
428,1487965477096225023,1487965477111381053
429,1487965478096172094,1487965478117754936
430,1487965479096487045,1487965479109543085
431,1487965480096952915,1487965480109905004
432,1487965481096457958,1487965481117728948
433,1487965482096532106,1487965482112215042
434,1487965483096539020,1487965483111567020
435,1487965484095854997,1487965484112729072
436,1487965485096693038,1487965485113574028
437,1487965486095807075,1487965486113112926
438,1487965487095968008,1487965487111366987
439,1487965488096210002,1487965488110780954
440,1487965489096282958,1487965489112780094
441,1487965490096380949,1487965490110893011
442,1487965491096329927,1487965491114068984
443,1487965492096311092,1487965492110368967
444,1487965493096218109,1487965493114012956
445,1487965494096097946,1487965494112587928
446,1487965495096323013,1487965495116606950
447,1487965496096268892,1487965496111641883
448,1487965497096476078,1487965497112931013
449,1487965498096508026,1487965498111859083
450,1487965499096365928,1487965499117434978
451,1487965500095875978,1487965500113462924
452,1487965501096247911,1487965501111913919
453,1487965502095386028,1487965502111418008
454,1487965503095948934,1487965503117119073
455,1487965504096163034,1487965504111731052
456,1487965505096189975,1487965505109205961
457,1487965506096210002,1487965506110265970
458,1487965507096220970,1487965507112051010
459,1487965508095822095,1487965508114219903
460,1487965509096245050,1487965509114528894
461,1487965510096226930,1487965510112375974
462,1487965511096285104,1487965511112524032
463,1487965512098025083,1487965512116866111
464,1487965513095999002,1487965513109052896
465,1487965514096203088,1487965514113553047
466,1487965515096218109,1487965515110769033
467,1487965516096290111,1487965516114377975
468,1487965517095709085,1487965517113907098
469,1487965518095909118,1487965518112102985
470,1487965519096275091,1487965519112382888
471,1487965520095841884,1487965520113535881
472,1487965521096204042,1487965521112991094
473,1487965522096208095,1487965522112286090
474,1487965523096184015,1487965523113780975
475,1487965524096215963,1487965524112534046
476,1487965525095494985,1487965525114770889
477,1487965526096195936,1487965526111319065
478,1487965527095341920,1487965527110836029
479,1487965528095823049,1487965528111917972
480,1487965529096101999,1487965529126902103
481,1487965530095925092,1487965530112129926
482,1487965531096262931,1487965531117679119
483,1487965532096241950,1487965532109791040
484,1487965533096251964,1487965533118261098
485,1487965534095496892,1487965534110794067
486,1487965535096167087,1487965535114475011
487,1487965536095506906,1487965536111905097
488,1487965537096201896,1487965537116877079
489,1487965538096230983,1487965538110044956
490,1487965539096235990,1487965539110770940
491,1487965540095465898,1487965540114962100
492,1487965541095397949,1487965541112049102
493,1487965542096240043,1487965542117897987
494,1487965543095838069,1487965543109886884
495,1487965544095989942,1487965544111411094
496,1487965545096326112,1487965545111455917
497,1487965546096182107,1487965546114897012
498,1487965547096265077,1487965547111596107
499,1487965548096255064,1487965548111586093
500,1487965549096198081,1487965549112216949
501,1487965550096157073,1487965550112096071
502,1487965551095366001,1487965551108973979
503,1487965552096189022,1487965552112306118
504,1487965553095685005,1487965553112283945
505,1487965554096194028,1487965554111097097
506,1487965555095815896,1487965555120474100
507,1487965556095900058,1487965556112251996
508,1487965557096231937,1487965557111226081
509,1487965558095504045,1487965558109390974
510,1487965559095884084,1487965559113372087
511,1487965560096034049,1487965560110330104
512,1487965561096282005,1487965561113718032
513,1487965562096565008,1487965562114104986
514,1487965563096262931,1487965563115758895
515,1487965564096246004,1487965564112521886
516,1487965565096330881,1487965565115601062
517,1487965566096251010,1487965566110035896
518,1487965567096270084,1487965567112665891
519,1487965568096209049,1487965568111764907
520,1487965569096225976,1487965569111990928
521,1487965570096213102,1487965570111573934
522,1487965571095695972,1487965571110605001
523,1487965572096256971,1487965572113888978
524,1487965573095913887,1487965573111931085
525,1487965574096214056,1487965574117680072
526,1487965575095936059,1487965575112549066
527,1487965576096216917,1487965576115906953
528,1487965577096255064,1487965577114562034
529,1487965578095593929,1487965578113116025
530,1487965579096254110,1487965579110999107
531,1487965580096256017,1487965580113645076
532,1487965581095691919,1487965581111466884
533,1487965582096219062,1487965582112261056
534,1487965583096242904,1487965583114495992
535,1487965584096242904,1487965584112201929
536,1487965585096282958,1487965585110398054
537,1487965586096198081,1487965586114434957
538,1487965587096194028,1487965587114123106
539,1487965588095814943,1487965588110451936
540,1487965589096395015,1487965589111881971
541,1487965590096524000,1487965590115003108
542,1487965591095762968,1487965591110011100
543,1487965592096314907,1487965592109103918
544,1487965593096679925,1487965593114675998
545,1487965594095979928,1487965594110284090
546,1487965595096627950,1487965595116161108
547,1487965596097193956,1487965596110384941
548,1487965597096565008,1487965597112929105
549,1487965598095839977,1487965598111285924
550,1487965599096817970,1487965599118113040
551,1487965600096239089,1487965600113723993
552,1487965601096332073,1487965601112570047
553,1487965602096369981,1487965602110724925
554,1487965603096527099,1487965603112895965
555,1487965604096362113,1487965604113945007
556,1487965605096357107,1487965605111387014
557,1487965606096478939,1487965606111516952
558,1487965607096436023,1487965607111824035
559,1487965608095510005,1487965608109586954
560,1487965609096771955,1487965609111361980
561,1487965610096615076,1487965610120913028
562,1487965611096417903,1487965611110011100
563,1487965612095818042,1487965612117269039
564,1487965613096539020,1487965613112163066
565,1487965614096003055,1487965614113853931
566,1487965615096467018,1487965615111871004
567,1487965616096369028,1487965616112978935
568,1487965617096412897,1487965617117193937
569,1487965618096600055,1487965618112117052
570,1487965619095390081,1487965619110253095
571,1487965620096174001,1487965620111355066
572,1487965621095585107,1487965621114787101
573,1487965622096399068,1487965622110480070
574,1487965623096292972,1487965623112714052
575,1487965624096138000,1487965624112689971
576,1487965625096472024,1487965625118732929
577,1487965626096400022,1487965626110771894
578,1487965627096539974,1487965627116600990
579,1487965628095674037,1487965628110384941
580,1487965629096254110,1487965629112135887
581,1487965630096641063,1487965630110865116
582,1487965631096837043,1487965631114980936
583,1487965632096154928,1487965632110014915
584,1487965633096031904,1487965633113552093
585,1487965634096349000,1487965634112421989
586,1487965635096637010,1487965635110765933
587,1487965636096600055,1487965636114382982
588,1487965637096625089,1487965637112976074
589,1487965638096441030,1487965638113729953
590,1487965639096319913,1487965639113626956
591,1487965640095753908,1487965640112077951
592,1487965641096111059,1487965641110922098
593,1487965642095794916,1487965642111885070
594,1487965643095679998,1487965643110460996
595,1487965644096606016,1487965644123594999
596,1487965645095382928,1487965645113611936
597,1487965646096079111,1487965646114748001
598,1487965647096745014,1487965647113354921
599,1487965648096806049,1487965648112713098
600,1487965649096199989,1487965649111727952
601,1487965650096363067,1487965650111541032
602,1487965651095474004,1487965651116883039
603,1487965652096146106,1487965652110363006
604,1487965653096714019,1487965653112621068
605,1487965654096276998,1487965654110881090
606,1487965655096518039,1487965655112467050
607,1487965656095824003,1487965656111267089
608,1487965657096267938,1487965657115823984
609,1487965658095662117,1487965658110325098
610,1487965659096201896,1487965659113993883
611,1487965660095993995,1487965660115128040
612,1487965661096330881,1487965661115195035
613,1487965662096203088,1487965662112540960
614,1487965663095523118,1487965663112453937
615,1487965664095896005,1487965664112536907
616,1487965665095475912,1487965665111737012
617,1487965666096235990,1487965666111434936
618,1487965667096287012,1487965667113454103
619,1487965668095529079,1487965668111124038
620,1487965669096430063,1487965669112682104
621,1487965670095654010,1487965670111249923
622,1487965671095244884,1487965671109343051
623,1487965672095833063,1487965672111893892
624,1487965673095555067,1487965673111959934
625,1487965674096618890,1487965674116544961
626,1487965675096601009,1487965675112529993
627,1487965676098237991,1487965676114927053
628,1487965677095562934,1487965677109941959
629,1487965678095885038,1487965678114006042
630,1487965679096205949,1487965679111649990
631,1487965680096657991,1487965680114002943
632,1487965681095736026,1487965681111890077
633,1487965682096136093,1487965682115489959
634,1487965683096100091,1487965683111080884
635,1487965684096472024,1487965684110769033
636,1487965685096291065,1487965685117441892
637,1487965686096214056,1487965686112566947
638,1487965687096244096,1487965687112232923
639,1487965688096710920,1487965688110295057
640,1487965689096915006,1487965689111017942
641,1487965690095731019,1487965690112267971
642,1487965691096460103,1487965691118336915
643,1487965692096237897,1487965692113106012
644,1487965693096538066,1487965693114311933
645,1487965694096185922,1487965694111366987
646,1487965695096029996,1487965695115787982
647,1487965696096268892,1487965696111814022
648,1487965697096396923,1487965697113735914
649,1487965698096555948,1487965698113785028
650,1487965699096540927,1487965699112725973
651,1487965700095401048,1487965700111228942
652,1487965701096549987,1487965701111232995
653,1487965702096441984,1487965702112029075
654,1487965703096726894,1487965703112394094
655,1487965704096517086,1487965704133630037
656,1487965705096976995,1487965705111901044
657,1487965706096276998,1487965706114447116
658,1487965707096024990,1487965707112421989
659,1487965708096860885,1487965708115019083
660,1487965709096220016,1487965709111464023
661,1487965710096962928,1487965710113276958
662,1487965711096154928,1487965711113962888
663,1487965712095510959,1487965712112618923
664,1487965713096798896,1487965713112063884
665,1487965714096386909,1487965714111409902
666,1487965715096784114,1487965715112601041
667,1487965716096115112,1487965716111465930
668,1487965717096199989,1487965717113843917
669,1487965718096115112,1487965718116282939
670,1487965719096766948,1487965719109659910
671,1487965720096472024,1487965720111181020
672,1487965721096442937,1487965721115797042
673,1487965722096648931,1487965722111046075
674,1487965723095634937,1487965723113764047
675,1487965724095777988,1487965724111541032
676,1487965725096426963,1487965725115415096
677,1487965726096235036,1487965726116924047
678,1487965727096210002,1487965727109982013
679,1487965728096585035,1487965728114924907
680,1487965729096268892,1487965729111124038
681,1487965730095345020,1487965730113455057
682,1487965731096394062,1487965731114515066
683,1487965732095351934,1487965732112992048
684,1487965733095796108,1487965733110450029
685,1487965734096215963,1487965734115179061
686,1487965735096143960,1487965735110434055
687,1487965736095853090,1487965736111157894
688,1487965737096040010,1487965737110980987
689,1487965738095849990,1487965738116247892
690,1487965739096200942,1487965739113529920
691,1487965740096720933,1487965740113606929
692,1487965741096198081,1487965741112672090
693,1487965742095926046,1487965742115595102
694,1487965743096220970,1487965743112792968
695,1487965744096693992,1487965744115012884
696,1487965745096251010,1487965745112862110
697,1487965746096183061,1487965746115235090
698,1487965747096600055,1487965747111383914
699,1487965748096688032,1487965748111370086
700,1487965749096251010,1487965749111984014
701,1487965750096291065,1487965750112157106
702,1487965751096383094,1487965751116925954
703,1487965752095627069,1487965752115303993
704,1487965753095577955,1487965753111360073
705,1487965754095963954,1487965754112799882
706,1487965755096388101,1487965755118486881
707,1487965756095829963,1487965756115067005
708,1487965757096719980,1487965757112195968
709,1487965758095801115,1487965758110663890
710,1487965759096295118,1487965759112396001
711,1487965760096478939,1487965760111721038
712,1487965761096363067,1487965761112509012
713,1487965762096705913,1487965762113816976
714,1487965763096894025,1487965763113533020
715,1487965764095647096,1487965764109345912
716,1487965765096499919,1487965765112925052
717,1487965766096385955,1487965766111258029
718,1487965767096262931,1487965767110500097
719,1487965768096591949,1487965768118187904
720,1487965769096684932,1487965769112114906
721,1487965770096242904,1487965770110719919
722,1487965771096508979,1487965771148746967
723,1487965772095819950,1487965772119623899
724,1487965773095509052,1487965773112812042
725,1487965774096308946,1487965774114335060
726,1487965775096052885,1487965775110622882
727,1487965776096576929,1487965776111613988
728,1487965777096093893,1487965777111449956
729,1487965778096333026,1487965778113846063
730,1487965779096400022,1487965779112127065
731,1487965780096764087,1487965780113913059
732,1487965781096345901,1487965781115672111
733,1487965782096291065,1487965782110884904
734,1487965783096321105,1487965783112819910
735,1487965784096225976,1487965784111782073
736,1487965785096486091,1487965785116343021
737,1487965786096229076,1487965786109860897
738,1487965787095922946,1487965787112673997
739,1487965788096188068,1487965788111165046
740,1487965789096276044,1487965789114223003
741,1487965790096343994,1487965790111474037
742,1487965791095995903,1487965791113948106
743,1487965792098195075,1487965792116082906
744,1487965793096740961,1487965793113043069
745,1487965794096499919,1487965794112009048
746,1487965795097081899,1487965795116247892
747,1487965796096338033,1487965796114358901
748,1487965797096651077,1487965797112503051
749,1487965798097090005,1487965798113907098
750,1487965799096430063,1487965799110486984
751,1487965800096365928,1487965800115041017
752,1487965801096595048,1487965801110925912
753,1487965802096349000,1487965802116995096
754,1487965803096510887,1487965803112143039
755,1487965804095925092,1487965804115624904
756,1487965805096188068,1487965805110982894
757,1487965806096514940,1487965806114000082
758,1487965807096235990,1487965807112284898
759,1487965808096107959,1487965808113846063
760,1487965809095932006,1487965809114898920
761,1487965810096314907,1487965810114629030
762,1487965811095751047,1487965811111399888
763,1487965812095599889,1487965812113090038
764,1487965813096441984,1487965813112889051
765,1487965814096487045,1487965814111726045
766,1487965815096246004,1487965815117527961
767,1487965816096410036,1487965816111258983
768,1487965817096375942,1487965817113140106
769,1487965818096694946,1487965818112245082
770,1487965819096000909,1487965819115972042
771,1487965820096896886,1487965820110748052
772,1487965821096586942,1487965821112607002
773,1487965822096784114,1487965822115540027
774,1487965823096275091,1487965823114042043
775,1487965824098643064,1487965824113971948
776,1487965825096623897,1487965825113600969
777,1487965826096282958,1487965826114581108
778,1487965827096621036,1487965827114885091
779,1487965828096266984,1487965828113842964
780,1487965829096262931,1487965829110869884
781,1487965830096420049,1487965830112586975
782,1487965831096451044,1487965831110457897
783,1487965832096283912,1487965832208266973
784,1487965833096419095,1487965833111649036
785,1487965834096566915,1487965834111032962
786,1487965835095627069,1487965835110790014
787,1487965836096230983,1487965836117852926
788,1487965837096283912,1487965837112715959
789,1487965838096525907,1487965838115825891
790,1487965839096735000,1487965839113030910
791,1487965840096295118,1487965840112545967
792,1487965841096317052,1487965841112277030
793,1487965842096431970,1487965842113301992
794,1487965843096599102,1487965843112107992
795,1487965844096107959,1487965844112591981
796,1487965845096441984,1487965845110434055
797,1487965846096761941,1487965846111399888
798,1487965847096266984,1487965847113447904
799,1487965848096467971,1487965848112448930
800,1487965849096034049,1487965849115315914
801,1487965850096270084,1487965850112997055
802,1487965851096329927,1487965851117140054
803,1487965852096431970,1487965852112432003
804,1487965853096560955,1487965853115310907
805,1487965854096575975,1487965854110651969
806,1487965855096304893,1487965855112950086
807,1487965856096283912,1487965856112950086
808,1487965857096266984,1487965857113280057
809,1487965858095827102,1487965858111810922
810,1487965859096565008,1487965859111583948
811,1487965860096280097,1487965860111634016
812,1487965861096235990,1487965861114407062
813,1487965862095866918,1487965862110322952
814,1487965863096863031,1487965863112653017
815,1487965864096309900,1487965864110860109
816,1487965865096240997,1487965865111504077
817,1487965866096440076,1487965866127688884
818,1487965867096564054,1487965867112978935
819,1487965868096292018,1487965868113605022
820,1487965869096579074,1487965869111958026
821,1487965870096853017,1487965870117336034
822,1487965871096261024,1487965871113550901
823,1487965872096652030,1487965872113640069
824,1487965873095959901,1487965873112822055
825,1487965874096268892,1487965874114761114
826,1487965875096343040,1487965875110426902
827,1487965876096386909,1487965876114576101
828,1487965877096338033,1487965877114826917
829,1487965878096750974,1487965878110620021
830,1487965879096437931,1487965879110924959
831,1487965880096235990,1487965880111263990
832,1487965881096626043,1487965881118393898
833,1487965882095961093,1487965882110472917
834,1487965883095494031,1487965883117839097
835,1487965884096168041,1487965884111279964
836,1487965885096471071,1487965885115154027
837,1487965886096545934,1487965886112230062
838,1487965887096290111,1487965887114433050
839,1487965888096445083,1487965888112029075
840,1487965889096287965,1487965889114217042
841,1487965890096282005,1487965890113291025
842,1487965891096369981,1487965891112950086
843,1487965892096806049,1487965892111221075
844,1487965893096293926,1487965893112385988
845,1487965894096775054,1487965894112983942
846,1487965895096529006,1487965895110502958
847,1487965896096833944,1487965896116689920
848,1487965897096307039,1487965897109985113
849,1487965898096676111,1487965898111617088
850,1487965899096411943,1487965899117264032
851,1487965900096441984,1487965900117108106
852,1487965901096415042,1487965901109455108
853,1487965902096236944,1487965902113564968
854,1487965903096256017,1487965903108871936
855,1487965904096216917,1487965904113548040
856,1487965905096394062,1487965905112946033
857,1487965906096676111,1487965906114325046
858,1487965907096245050,1487965907115562915
859,1487965908096386909,1487965908110493898
860,1487965909096409082,1487965909111905097
861,1487965910096236944,1487965910110693931
862,1487965911096931934,1487965911111113071
863,1487965912096240997,1487965912113760948
864,1487965913096265077,1487965913116839885
865,1487965914096396923,1487965914110646963
866,1487965915096443891,1487965915111519098
867,1487965916096432924,1487965916110532045
868,1487965917096421003,1487965917117703914
869,1487965918096895933,1487965918114137887
870,1487965919096273899,1487965919112524986
871,1487965920096436977,1487965920111906051
872,1487965921096281051,1487965921111778974
873,1487965922096303939,1487965922109707117
874,1487965923096482992,1487965923112540006
875,1487965924096544027,1487965924111257076
876,1487965925096276044,1487965925111193895
877,1487965926095685005,1487965926110346078
878,1487965927096415996,1487965927113415002
879,1487965928096266031,1487965928110447883
880,1487965929097075939,1487965929111906051
881,1487965930096385002,1487965930114187955
882,1487965931096407890,1487965931116632938
883,1487965932096393108,1487965932117995023
884,1487965933096846103,1487965933110578060
885,1487965934096703052,1487965934114850044
886,1487965935096409082,1487965935109214067
887,1487965936096666097,1487965936115433931
888,1487965937096282958,1487965937112791061
889,1487965938096302032,1487965938112904071
890,1487965939096436023,1487965939110657930
891,1487965940096244096,1487965940113679885
892,1487965941096312999,1487965941112909078
893,1487965942096307039,1487965942110064029
894,1487965943096461057,1487965943112145900
895,1487965944096424102,1487965944116358041
896,1487965945096858978,1487965945111481904
897,1487965946096903085,1487965946111002922
898,1487965947096311092,1487965947112960100
899,1487965948096415042,1487965948110263109
900,1487965949096251964,1487965949113926887
901,1487965950096478939,1487965950109891891
902,1487965951096446037,1487965951119008064
903,1487965952096395015,1487965952112251996
904,1487965953096409082,1487965953116142988
905,1487965954096934080,1487965954111558914
906,1487965955095973968,1487965955113811969
907,1487965956096229076,1487965956113711118
908,1487965957096366882,1487965957110021114
909,1487965958096812009,1487965958113061904
910,1487965959096213102,1487965959111241102
911,1487965960096925973,1487965960117870092
912,1487965961096277952,1487965961110977888
913,1487965962096323966,1487965962110430955
914,1487965963095664024,1487965963110296010
915,1487965964096307039,1487965964114172935
916,1487965965096312046,1487965965112586975
917,1487965966096317052,1487965966114316940
918,1487965967096334934,1487965967114031076
919,1487965968095563888,1487965968114496946
920,1487965969096060037,1487965969111105918
921,1487965970096312999,1487965970114141941
922,1487965971096298933,1487965971112186908
923,1487965972095789909,1487965972111792087
924,1487965973095871925,1487965973110619068
925,1487965974095443964,1487965974110743045
926,1487965975095937967,1487965975112814903
927,1487965976096266031,1487965976112001895
928,1487965977096400976,1487965977117949962
929,1487965978096237897,1487965978111689090
930,1487965979096472978,1487965979117599964
931,1487965980096268892,1487965980111625909
932,1487965981095583915,1487965981118249893
933,1487965982096647977,1487965982110536098
934,1487965983096358060,1487965983113044977
935,1487965984096282005,1487965984109833955
936,1487965985096323966,1487965985112571001
937,1487965986096887111,1487965986111401081
938,1487965987096288919,1487965987114094972
939,1487965988096411943,1487965988117264032
940,1487965989096354007,1487965989111152887
941,1487965990096417903,1487965990111126899
942,1487965991096210956,1487965991111443996
943,1487965992095330953,1487965992112006902
944,1487965993096436977,1487965993111891031
945,1487965994096662044,1487965994118227958
946,1487965995096576929,1487965995109879970
947,1487965996096260070,1487965996111422061
948,1487965997096786975,1487965997111279010
949,1487965998095482110,1487965998117212057
950,1487965999096271991,1487965999113097906
951,1487966000096290111,1487966000112591028
952,1487966001096096038,1487966001117809057
953,1487966002095341920,1487966002113580942
954,1487966003096491098,1487966003113019943
955,1487966004096693038,1487966004113996028
956,1487966005095630884,1487966005111690998
957,1487966006096062898,1487966006110055923
958,1487966007096447944,1487966007110851049
959,1487966008096179008,1487966008109407901
960,1487966009095570087,1487966009110640048
961,1487966010096401929,1487966010112278938
962,1487966011096493959,1487966011115077018
963,1487966012096112012,1487966012111780881
964,1487966013096371889,1487966013109610080
965,1487966014096350908,1487966014118839979
966,1487966015096914052,1487966015118858098
967,1487966016096486091,1487966016110874891
968,1487966017096447944,1487966017111392974
969,1487966018096829891,1487966018113693952
970,1487966019096363067,1487966019113061904
971,1487966020096453905,1487966020142405033
972,1487966021096189022,1487966021109169006
973,1487966022096935033,1487966022112464904
974,1487966023096252918,1487966023112972021
975,1487966024096518993,1487966024110472917
976,1487966025096733093,1487966025110330104
977,1487966026096285104,1487966026111113071
978,1487966027096451044,1487966027111723899
979,1487966028096246957,1487966028121870994
980,1487966029096229076,1487966029111784934
981,1487966030095256090,1487966030115259885
982,1487966031096271991,1487966031109786987
983,1487966032096438884,1487966032118716001
984,1487966033096240997,1487966033112235069
985,1487966034096506118,1487966034113497972
986,1487966035095422983,1487966035112313985
987,1487966036097187042,1487966036114541053
988,1487966037096445083,1487966037110908031
989,1487966038095787048,1487966038110580921
990,1487966039096246004,1487966039111251115
991,1487966040096297025,1487966040110682010
992,1487966041096275091,1487966041118938922
993,1487966042096426963,1487966042111974000
994,1487966043096431970,1487966043111059904
995,1487966044096409082,1487966044112632989
996,1487966045096867084,1487966045114866971
997,1487966046096407890,1487966046112730979
998,1487966047096287965,1487966047112824916
999,1487966048096415996,1487966048109292984
1000,1487966049096470117,1487966049117753028
1001,1487966050096584081,1487966050110467910
1002,1487966051096304893,1487966051112693071
1003,1487966052096530914,1487966052113101005
1004,1487966053096254110,1487966053119967937
1005,1487966054096462011,1487966054110577106
1006,1487966055096286058,1487966055114121913
1007,1487966056096291065,1487966056112345933
1008,1487966057096312999,1487966057113562107
1009,1487966058096122026,1487966058117611885
1010,1487966059096110105,1487966059110411882
1011,1487966060095777988,1487966060110198974
1012,1487966061097084045,1487966061112405061
1013,1487966062096041917,1487966062118269920
1014,1487966063097011089,1487966063111150026
1015,1487966064096314907,1487966064114155054
1016,1487966065096323013,1487966065114077091
1017,1487966066096498012,1487966066113070011
1018,1487966067096298933,1487966067111238956
1019,1487966068096592903,1487966068112695932
1020,1487966069096244096,1487966069112042903
1021,1487966070096306085,1487966070109200954
1022,1487966071096477031,1487966071113014936
1023,1487966072096405029,1487966072112524986
1024,1487966073096297979,1487966073112821102
1025,1487966074096652984,1487966074112648963
1026,1487966075096337080,1487966075112740039
1027,1487966076096353054,1487966076110075950
1028,1487966077096267938,1487966077110311031
1029,1487966078096465110,1487966078111751079
1030,1487966079096285104,1487966079115777015
1031,1487966080096626043,1487966080162561893
1032,1487966081096479892,1487966081110985040
1033,1487966082096312046,1487966082111799001
1034,1487966083095592021,1487966083111699104
1035,1487966084096235990,1487966084115246057
1036,1487966085095799922,1487966085113781929
1037,1487966086096266984,1487966086112489938
1038,1487966087096437931,1487966087113097906
1039,1487966088096451997,1487966088113801002
1040,1487966089096299886,1487966089111901044
1041,1487966090096390962,1487966090110682010
1042,1487966091096295118,1487966091110227108
1043,1487966092096303939,1487966092113814115
1044,1487966093096435070,1487966093114291906
1045,1487966094096512079,1487966094115119934
1046,1487966095096818923,1487966095110469102
1047,1487966096096168041,1487966096115323066
1048,1487966097096539020,1487966097113823890
1049,1487966098096405982,1487966098112659931
1050,1487966099095757961,1487966099112684965
1051,1487966100096105098,1487966100114042997
1052,1487966101096285104,1487966101111885070
1053,1487966102096391916,1487966102111591100
1054,1487966103096278905,1487966103114002943
1055,1487966104095822095,1487966104111418962
1056,1487966105096122980,1487966105115341901
1057,1487966106096292018,1487966106112950086
1058,1487966107095586061,1487966107110526084
1059,1487966108095875978,1487966108110632896
1060,1487966109096000909,1487966109117965936
1061,1487966110095678091,1487966110111713886
1062,1487966111095696926,1487966111110727071
1063,1487966112095638036,1487966112112118959
1064,1487966113095690011,1487966113115209102
1065,1487966114096426010,1487966114111403942
1066,1487966115096455097,1487966115117918968
1067,1487966116096285104,1487966116116018056
1068,1487966117096420049,1487966117113519906
1069,1487966118095890045,1487966118110229015
1070,1487966119096426963,1487966119111423969
1071,1487966120095619916,1487966120111989974
1072,1487966121096035957,1487966121110342025
1073,1487966122096679925,1487966122114578008
1074,1487966123096493005,1487966123111510038
1075,1487966124096280097,1487966124112487077
1076,1487966125095717906,1487966125111008882
1077,1487966126095299005,1487966126112025976
1078,1487966127096744060,1487966127110616922
1079,1487966128096285104,1487966128117450952
1080,1487966129096781969,1487966129112680912
1081,1487966130096268892,1487966130115344047
1082,1487966131096266031,1487966131110233068
1083,1487966132096421003,1487966132114419937
1084,1487966133095801115,1487966133112448930
1085,1487966134096285104,1487966134111092090
1086,1487966135096652030,1487966135112135887
1087,1487966136095709085,1487966136111655950
1088,1487966137096462011,1487966137112332105
1089,1487966138095995903,1487966138110761880
1090,1487966139096354961,1487966139113746881
1091,1487966140096787929,1487966140111195087
1092,1487966141095681905,1487966141114304065
1093,1487966142096420049,1487966142112481117
1094,1487966143095678091,1487966143116206884
1095,1487966144096288919,1487966144110972881
1096,1487966145096467971,1487966145111953973
1097,1487966146096426963,1487966146113646030
1098,1487966147096288919,1487966147110371112
1099,1487966148096254110,1487966148112050056
1100,1487966149096437931,1487966149118911981
1101,1487966150096329927,1487966150115839958
1102,1487966151096659898,1487966151110917091
1103,1487966152096416950,1487966152112785100
1104,1487966153096754074,1487966153110836982
1105,1487966154096298933,1487966154112436056
1106,1487966155096627950,1487966155112835884
1107,1487966156096437931,1487966156113708972
1108,1487966157096319913,1487966157116955995
1109,1487966158096231937,1487966158114008903
1110,1487966159096287012,1487966159111237049
1111,1487966160096261978,1487966160116580963
1112,1487966161096537113,1487966161110111951
1113,1487966162096493005,1487966162112044095
1114,1487966163095746994,1487966163115252017
1115,1487966164096401929,1487966164119087934
1116,1487966165096234083,1487966165113398075
1117,1487966166096395015,1487966166112422943
1118,1487966167095658063,1487966167117181062
1119,1487966168096436977,1487966168129657983
1120,1487966169096435070,1487966169110728979
1121,1487966170096384048,1487966170109878063
1122,1487966171096247911,1487966171110714912
1123,1487966172096225976,1487966172112014055
1124,1487966173096395015,1487966173113910913
1125,1487966174096554994,1487966174110815048
1126,1487966175096296072,1487966175113331079
1127,1487966176096465110,1487966176114386081
1128,1487966177096664905,1487966177117486000
1129,1487966178096100091,1487966178110328912
1130,1487966179096337080,1487966179114253997
1131,1487966180096968889,1487966180110884904
1132,1487966181095768928,1487966181112179994
1133,1487966182096266031,1487966182109519004
1134,1487966183096482038,1487966183109405040
1135,1487966184096451997,1487966184109452009
1136,1487966185096457958,1487966185113266944
1137,1487966186095963954,1487966186116193056
1138,1487966187096184968,1487966187110677957
1139,1487966188096355915,1487966188110440969
1140,1487966189096426010,1487966189112118959
1141,1487966190095547914,1487966190123986959
1142,1487966191096604108,1487966191112268924
1143,1487966192096308946,1487966192112416028
1144,1487966193096319913,1487966193111618995
1145,1487966194095393896,1487966194112324953
1146,1487966195096425056,1487966195111139059
1147,1487966196096266031,1487966196117274045
1148,1487966197096344947,1487966197111841917
1149,1487966198096307992,1487966198113071918
1150,1487966199097392082,1487966199111104011
1151,1487966200096374034,1487966200119220972
1152,1487966201096329927,1487966201109759092
1153,1487966202096220970,1487966202113809108
1154,1487966203096028089,1487966203112324953
1155,1487966204096693992,1487966204111429929
1156,1487966205096241950,1487966205110272884
1157,1487966206096980094,1487966206111893892
1158,1487966207096328020,1487966207116934061
1159,1487966208095731973,1487966208108936071
1160,1487966209095889091,1487966209112979888
1161,1487966210096271038,1487966210114391088
1162,1487966211096385955,1487966211113987922
1163,1487966212096805095,1487966212110107898
1164,1487966213096276998,1487966213111947059
1165,1487966214095406055,1487966214111783027
1166,1487966215096359014,1487966215112482070
1167,1487966216096694946,1487966216111114025
1168,1487966217096303939,1487966217112019062
1169,1487966218096170902,1487966218111001014
1170,1487966219095376968,1487966219112663984
1171,1487966220096656084,1487966220118860006
1172,1487966221096575975,1487966221113049983
1173,1487966222096481084,1487966222116549015
1174,1487966223096625089,1487966223114753961
1175,1487966224096280097,1487966224120318889
1176,1487966225096581935,1487966225112826108
1177,1487966226096312046,1487966226111871957
1178,1487966227096435070,1487966227111854076
1179,1487966228096451044,1487966228111316919
1180,1487966229096290111,1487966229111850976
1181,1487966230095805883,1487966230112767934
1182,1487966231096045017,1487966231110542058
1183,1487966232096438884,1487966232113086938
1184,1487966233096544981,1487966233110596895
1185,1487966234096398115,1487966234111526012
1186,1487966235096121072,1487966235112740993
1187,1487966236096864938,1487966236111991882
1188,1487966237096354961,1487966237126138925
1189,1487966238096486091,1487966238112834930
1190,1487966239096477031,1487966239114717006
1191,1487966240096978902,1487966240112828969
1192,1487966241095623970,1487966241116118907
1193,1487966242096796035,1487966242111363887
1194,1487966243096514940,1487966243114706993
