0,1481743720966378927,1481743720995188951
1,1481743720967753887,1481743720997021913
2,1481743720968924045,1481743721008037090
3,1481743720970014095,1481743721027147054
4,1481743720971159934,1481743721029150962
5,1481743720972378969,1481743721031440973
6,1481743720973488092,1481743721031548976
7,1481743720974509954,1481743721052069902
8,1481743720975434064,1481743721059654951
9,1481743720976445913,1481743721060514926
10,1481743720977372884,1481743721062490940
11,1481743720978283882,1481743721063452005
12,1481743720979180097,1481743721063626050
13,1481743720980091094,1481743721066562891
14,1481743720980989933,1481743721068310976
15,1481743720981895923,1481743721068506956
16,1481743720983103990,1481743721068578004
17,1481743720984302043,1481743721069822072
18,1481743720985440969,1481743721083776950
19,1481743720986639976,1481743721085392951
20,1481743720987629890,1481743721091562986
21,1481743720988557100,1481743721095993041
22,1481743720989461898,1481743721099257946
23,1481743720990360975,1481743721099946975
24,1481743720991506099,1481743721100018024
25,1481743720992511987,1481743721107357978
26,1481743720993710041,1481743721109822988
27,1481743720995682001,1481743721110011100
28,1481743720997605085,1481743721111854076
29,1481743720998770952,1481743721111932039
30,1481743720999737024,1481743721151227951
31,1481743721000674009,1481743721152793884
32,1481743721001596927,1481743721155262947
33,1481743721002526044,1481743721155760049
34,1481743721003464937,1481743721164999961
35,1481743721004395961,1481743721166944980
36,1481743721005352020,1481743721168039083
37,1481743721006731986,1481743721168117046
38,1481743721008713006,1481743721168176889
39,1481743721009980916,1481743721172173976
40,1481743721011115074,1481743721174999952
41,1481743721012180089,1481743721175628900
42,1481743721013134002,1481743721179404973
43,1481743721014051914,1481743721190325975
44,1481743721014961004,1481743721214010953
45,1481743721016011953,1481743721214633941
46,1481743721016995906,1481743721230860948
47,1481743721017920970,1481743721230957984
48,1481743721018850088,1481743721232198953
49,1481743721019776105,1481743721232275009
50,1481743721020694017,1481743721232336044
51,1481743721021612882,1481743721248213052
52,1481743721022531986,1481743721249984025
53,1481743721023511886,1481743721257211923
54,1481743721024645090,1481743721259300947
55,1481743721025616884,1481743721259780883
56,1481743721027704000,1481743721262927055
57,1481743721030580997,1481743721267720937
58,1481743721032247066,1481743721268913984
59,1481743721033448934,1481743721268995046
60,1481743721034578084,1481743721269056081
61,1481743721035701036,1481743721278454065
62,1481743721036838054,1481743721280756950
63,1481743721037812948,1481743721280847072
64,1481743721038768053,1481743721280906915
65,1481743721039696931,1481743721280963897
66,1481743721040621995,1481743721287111997
67,1481743721041541099,1481743721287204027
68,1481743721042457103,1481743721291565895
69,1481743721043387889,1481743721293378114
70,1481743721044325113,1481743721293454885
71,1481743721045247077,1481743721363722085
72,1481743721046446084,1481743721366386890
73,1481743721047441005,1481743721366817951
74,1481743721048382997,1481743721366888046
75,1481743721049313068,1481743721371869087
76,1481743721050508022,1481743721373235940
77,1481743721052452087,1481743721373440027
78,1481743721053544998,1481743721373505115
79,1481743721054512023,1481743721377104997
80,1481743721055434942,1481743721377712011
81,1481743721056432008,1481743721381110906
82,1481743721057379961,1481743721385082960
83,1481743721058309078,1481743721385179996
84,1481743721061292886,1481743721385267019
85,1481743721064167022,1481743721385363101
86,1481743721066140890,1481743721387118101
87,1481743721070461988,1481743721405550003
88,1481743721071907997,1481743721407370090
89,1481743721073086977,1481743721408004045
90,1481743721074284076,1481743721411807060
91,1481743721075468063,1481743721447057008
92,1481743721076761960,1481743721447141885
93,1481743721077987909,1481743721447202920
94,1481743721079144001,1481743721449528932
95,1481743721080393075,1481743721450476884
96,1481743721081382036,1481743721451852083
97,1481743721082320928,1481743721453547000
98,1481743721084170103,1481743721453623056
99,1481743721086059093,1481743721462815999
100,1481743721087111949,1481743721465075969
101,1481743721088076114,1481743721468786954
102,1481743721089204072,1481743721471268892
103,1481743721090439081,1481743721471362113
104,1481743721092160940,1481743721471424102
105,1481743721093327999,1481743721471961975
106,1481743721094697952,1481743721474025964
107,1481743721096736907,1481743721474104881
108,1481743721098331928,1481743721477986097
109,1481743721100641965,1481743721478079080
110,1481743721101897001,1481743721481519937
111,1481743721103014945,1481743721481831073
112,1481743721104120016,1481743721484080076
113,1481743721105170011,1481743721484241962
114,1481743721106180906,1481743721485780954
115,1481743721107990980,1481743721500390052
116,1481743721110476016,1481743721501671075
117,1481743721112541913,1481743721505944967
118,1481743721113646984,1481743721764605045
119,1481743721114674091,1481743721764771938
120,1481743721115729093,1481743721768898010
121,1481743721116960048,1481743721769015073
122,1481743721117978096,1481743721769078016
123,1481743721118916988,1481743721769139051
124,1481743721119828939,1481743721771478891
125,1481743721120742082,1481743721771718025
126,1481743721121715068,1481743721771791934
127,1481743721122646093,1481743721771888017
128,1481743721123620986,1481743721776529073
129,1481743721124557018,1481743721776683092
130,1481743721125583887,1481743721776746034
131,1481743721126638889,1481743721778214931
132,1481743721127645015,1481743721780631065
133,1481743721128685951,1481743721780725955
134,1481743721129641056,1481743721780788898
135,1481743721130556106,1481743721781558990
136,1481743721131468057,1481743721796277046
137,1481743721132378101,1481743721798568964
138,1481743721133332014,1481743721800533056
139,1481743721134326934,1481743721800623893
140,1481743721135319948,1481743721800685882
141,1481743721136393070,1481743721800745964
142,1481743721137356042,1481743721812221050
143,1481743721138356924,1481743721814981937
144,1481743721139374971,1481743721828279018
145,1481743721140316009,1481743721830341100
146,1481743721141304969,1481743721831984043
147,1481743721142318964,1481743721832978010
148,1481743721143273115,1481743721844634056
149,1481743721144190073,1481743721846323013
150,1481743721145190954,1481743721847707033
151,1481743721146267890,1481743721851977109
152,1481743721147275924,1481743721852348089
153,1481743721148206949,1481743721852432966
154,1481743721149126052,1481743721852535963
155,1481743721150039911,1481743721852631092
156,1481743721151990890,1481743721856245994
157,1481743721153810024,1481743721856348037
158,1481743721156373977,1481743721856410026
159,1481743721157620906,1481743721856513023
160,1481743721158884048,1481743721856576919
161,1481743721160084009,1481743721865577936
162,1481743721161223888,1481743721865721940
163,1481743721162472963,1481743721868525981
164,1481743721163654088,1481743721877490997
165,1481743721165616989,1481743721877975940
166,1481743721168528079,1481743721882417917
167,1481743721169589042,1481743721885358095
168,1481743721170535087,1481743721886737108
169,1481743721172533988,1481743721889193058
170,1481743721173820018,1481743721889281988
171,1481743721176017045,1481743721900413036
172,1481743721177133083,1481743721908957004
173,1481743721178318023,1481743721910583019
174,1481743721179943084,1481743721916007041
175,1481743721181082963,1481743721921086072
176,1481743721182066917,1481743721921168088
177,1481743721182993888,1481743721929943084
178,1481743721183907985,1481743721930457115
179,1481743721184935092,1481743721930560111
180,1481743721185961008,1481743721932065010
181,1481743721187025070,1481743721932182073
182,1481743721188072919,1481743721946353912
183,1481743721189426898,1481743721947242021
184,1481743721191478967,1481743721950956106
185,1481743721192666053,1481743721951045036
186,1481743721193773984,1481743721952151060
187,1481743721195003032,1481743721952231884
188,1481743721196238040,1481743721952295064
189,1481743721197472095,1481743721957257986
190,1481743721198674917,1481743721959053993
191,1481743721199762105,1481743721959148883
192,1481743721200829029,1481743721961042881
193,1481743721201845884,1481743721961471080
194,1481743721202804088,1481743721963367938
195,1481743721203739881,1481743721963458061
196,1481743721204673051,1481743721963516950
197,1481743721205637931,1481743721964061975
198,1481743721206795930,1481743721974822044
199,1481743721207803964,1481743721974920034
200,1481743721208803892,1481743721984560012
201,1481743721209814071,1481743721984695911
202,1481743721210760116,1481743721987675905
203,1481743721211708068,1481743721993696928
204,1481743721212901115,1481743721995258092
205,1481743721214975118,1481743722019725084
206,1481743721216065883,1481743722022805929
207,1481743721217058897,1481743722024169921
208,1481743721218130111,1481743722025379896
209,1481743721219077110,1481743722025465965
210,1481743721220024108,1481743722025528907
211,1481743721220957040,1481743722026350021
212,1481743721222007989,1481743722047847986
213,1481743721223067045,1481743722050986051
214,1481743721224045038,1481743722052478075
215,1481743721225063085,1481743722052608966
216,1481743721226099014,1481743722054069995
217,1481743721227091073,1481743722054145097
218,1481743721228307962,1481743722055983066
219,1481743721229598999,1481743722056081056
220,1481743721232902050,1481743722056188106
221,1481743721233951091,1481743722056251049
222,1481743721234977960,1481743722059932947
223,1481743721236051082,1481743722060029029
224,1481743721237051010,1481743722060089111
225,1481743721237997055,1481743722062262058
226,1481743721238945007,1481743722062385082
227,1481743721239880084,1481743722070566892
228,1481743721240819931,1481743722071558952
229,1481743721241749048,1481743722076013088
230,1481743721242674112,1481743722078665971
231,1481743721243602991,1481743722079744100
232,1481743721244525909,1481743722079812049
233,1481743721245460033,1481743722079873085
234,1481743721246628999,1481743722095557928
235,1481743721248887062,1481743722096858024
236,1481743721250510931,1481743722099586009
237,1481743721251548051,1481743722099704027
238,1481743721252695083,1481743722102381944
239,1481743721253705024,1481743722102504014
240,1481743721254648923,1481743722102566957
241,1481743721255722045,1481743722102627992
242,1481743721258682966,1481743722104464054
243,1481743721260442972,1481743722105180978
244,1481743721261569023,1481743722122670888
245,1481743721263750076,1481743722122797012
246,1481743721265055894,1481743722125658035
247,1481743721266485929,1481743722125747919
248,1481743721269442081,1481743722128706932
249,1481743721270648956,1481743722131773948
250,1481743721271775960,1481743722143675088
251,1481743721272948980,1481743722145400047
252,1481743721274084091,1481743722146455049
253,1481743721275315046,1481743722148456096
254,1481743721276745080,1481743722150815963
255,1481743721278879880,1481743722150903940
256,1481743721281574010,1481743722157773017
257,1481743721282772064,1481743722158468008
258,1481743721283951044,1481743722158535957
259,1481743721285495042,1481743722162015914
260,1481743721287803888,1481743722165790081
261,1481743721288897991,1481743722165930032
262,1481743721290142059,1481743722165994882
263,1481743721292118072,1481743722168998003
264,1481743721293962001,1481743722169090032
265,1481743721294967889,1481743722169152021
266,1481743721296036005,1481743722169212102
267,1481743721297090053,1481743722170495033
268,1481743721298149108,1481743722170582056
269,1481743721299196004,1481743722170644044
270,1481743721300179958,1481743722173583030
271,1481743721301208972,1481743722177884101
272,1481743721302207946,1481743722206671953
273,1481743721303138017,1481743722208436012
274,1481743721304064035,1481743722209084033
275,1481743721305072069,1481743722211000919
276,1481743721306078910,1481743722212582111
277,1481743721307039976,1481743722216890096
278,1481743721308039903,1481743722219460010
279,1481743721309065103,1481743722222556114
280,1481743721310024023,1481743722223252058
281,1481743721310981988,1481743722226223945
282,1481743721312014102,1481743722228385925
283,1481743721312980890,1481743722228468894
284,1481743721313905954,1481743722233326911
285,1481743721314897060,1481743722235508918
286,1481743721315968990,1481743722235591888
287,1481743721316957950,1481743722242790937
288,1481743721318053960,1481743722248346090
289,1481743721319036006,1481743722254729986
290,1481743721319961071,1481743722254818916
291,1481743721320868968,1481743722257675886
292,1481743721321780920,1481743722259601116
293,1481743721322695016,1481743722262537956
294,1481743721323611021,1481743722262631893
295,1481743721324527978,1481743722262692928
296,1481743721325448989,1481743722263816118
297,1481743721326426982,1481743722265568971
298,1481743721327364921,1481743722339968919
299,1481743721328273057,1481743722341741085
300,1481743721329194068,1481743722415661096
301,1481743721330104112,1481743722421514987
302,1481743721331015110,1481743722422993898
303,1481743721331933021,1481743722435383081
304,1481743721332848072,1481743722439686059
305,1481743721333755970,1481743722439865112
306,1481743721334671974,1481743722439946889
307,1481743721335588932,1481743722440032958
308,1481743721336590051,1481743722440121889
309,1481743721337517976,1481743722440190076
310,1481743721338435888,1481743722440288066
311,1481743721339354038,1481743722440380096
312,1481743721340276002,1481743722440442085
313,1481743721341197013,1481743722440538883
314,1481743721342112064,1481743722440629959
315,1481743721343048095,1481743722440702915
316,1481743721343980073,1481743722440790891
317,1481743721344906091,1481743722440887928
318,1481743721345841884,1481743722440990924
319,1481743721346827983,1481743722441054105
320,1481743721347774982,1481743722443445920
321,1481743721348711967,1481743722443566083
322,1481743721349651098,1481743722443624019
323,1481743721350783109,1481743722443677902
324,1481743721351834058,1481743722443732023
325,1481743721352790117,1481743722443783998
326,1481743721353809118,1481743722470444917
327,1481743721354758024,1481743722471832036
328,1481743721355704069,1481743722471932888
329,1481743721356697082,1481743722472567081
330,1481743721357729911,1481743722479945898
331,1481743721358751058,1481743722482059955
332,1481743721359711885,1481743722482264041
333,1481743721360740900,1481743722483045101
334,1481743721362168073,1481743722483112096
335,1481743721364151000,1481743722485035896
336,1481743721366741895,1481743722486876964
337,1481743721368123054,1481743722487004041
338,1481743721369396924,1481743722488032102
339,1481743721370584964,1481743722488167047
340,1481743721374154090,1481743722492311000
341,1481743721375395059,1481743722493299961
342,1481743721378113985,1481743722509263992
343,1481743721379570007,1481743722510044097
344,1481743721381484985,1481743722511632919
345,1481743721382796049,1481743722511708021
346,1481743721386080026,1481743722514334917
347,1481743721388149976,1481743722515031099
348,1481743721389401912,1481743722532135009
349,1481743721390618085,1481743722532820940
350,1481743721391670942,1481743722532887935
351,1481743721392649888,1481743722543145895
352,1481743721393722057,1481743722544557094
353,1481743721394767999,1481743722544629096
354,1481743721395747900,1481743722548207044
355,1481743721396857023,1481743722548383951
356,1481743721397906064,1481743722549237012
357,1481743721398880958,1481743722550072908
358,1481743721399822950,1481743722550827026
359,1481743721400839090,1481743722568087100
360,1481743721401835918,1481743722568890094
361,1481743721402931928,1481743722571278095
362,1481743721404239892,1481743722571419000
363,1481743721406214952,1481743722571552991
364,1481743721408356904,1481743722572556018
365,1481743721409483909,1481743722572629928
366,1481743721410706043,1481743722579251050
367,1481743721412394046,1481743722582092046
368,1481743721413444042,1481743722582211017
369,1481743721414484024,1481743722584903955
370,1481743721415641069,1481743722585323095
371,1481743721416728019,1481743722601525068
372,1481743721417725086,1481743722602267980
373,1481743721418678998,1481743722603183984
374,1481743721419625997,1481743722603277921
375,1481743721420569896,1481743722608794927
376,1481743721421499013,1481743722609792947
377,1481743721422429084,1481743722618212938
378,1481743721423360109,1481743722619477033
379,1481743721424293994,1481743722632925987
380,1481743721425221920,1481743722634169101
381,1481743721426223993,1481743722641318082
382,1481743721427189111,1481743722644149065
383,1481743721428134918,1481743722645524024
384,1481743721429069995,1481743722645597934
385,1481743721430011987,1481743722647305965
386,1481743721431106090,1481743722660178899
387,1481743721432049989,1481743722661225080
388,1481743721432987928,1481743722664993047
389,1481743721433917999,1481743722665692090
390,1481743721434849977,1481743722666445970
391,1481743721435781002,1481743722674140930
392,1481743721436800003,1481743722675729036
393,1481743721437742948,1481743722675806045
394,1481743721438669919,1481743722677841901
395,1481743721439606904,1481743722678437948
396,1481743721440536975,1481743722679397106
397,1481743721441468000,1481743722680293083
398,1481743721442465066,1481743722684607028
399,1481743721443425893,1481743722687160968
400,1481743721444371938,1481743722687994956
401,1481743721445426940,1481743722706541061
402,1481743721447841882,1481743722707243919
403,1481743721449990034,1481743722708324909
404,1481743721452255964,1481743722708971023
405,1481743721454133033,1481743722709774971
406,1481743721455224037,1481743722713084936
407,1481743721456290006,1481743722715801954
408,1481743721457267045,1481743722715925931
409,1481743721458203077,1481743722717313051
410,1481743721459120988,1481743722718128919
411,1481743721460120916,1481743722724041938
412,1481743721461378097,1481743722725390911
413,1481743721464014053,1481743722726130962
414,1481743721465646028,1481743722726560115
415,1481743721467010021,1481743722727809906
416,1481743721469172000,1481743722727879047
417,1481743721472536087,1481743722732969045
418,1481743721474721908,1481743722745740890
419,1481743721476140022,1481743722746862888
420,1481743721478420019,1481743722748339891
421,1481743721479780912,1481743722749209880
422,1481743721482153892,1481743722752480983
423,1481743721484642028,1481743722765760898
424,1481743721486439943,1481743722765964031
425,1481743721487657070,1481743722766812086
426,1481743721488765954,1481743722767414093
427,1481743721489836931,1481743722768729925
428,1481743721490901947,1481743722768811941
429,1481743721491905927,1481743722795047044
430,1481743721492944002,1481743722795131921
431,1481743721493989944,1481743722799632072
432,1481743721494970083,1481743722799833059
433,1481743721495968103,1481743722800669908
434,1481743721496948003,1481743722801666021
435,1481743721497884988,1481743722801795959
436,1481743721498825073,1481743722809530973
437,1481743721500799894,1481743722810378074
438,1481743721502624034,1481743722811340093
439,1481743721503761053,1481743722811476945
440,1481743721504832983,1481743722822727918
441,1481743721506499052,1481743722822820901
442,1481743721507735013,1481743722832632064
443,1481743721508810997,1481743722832710981
444,1481743721509798049,1481743722839355945
445,1481743721510735034,1481743722840481042
446,1481743721511653900,1481743722847742080
447,1481743721512594938,1481743722849783897
448,1481743721513644933,1481743722849987030
449,1481743721514703989,1481743722850899934
450,1481743721515866994,1481743722850971937
451,1481743721516953945,1481743722854748964
452,1481743721517983913,1481743722854937076
453,1481743721519038915,1481743722855838060
454,1481743721520016908,1481743722856441974
455,1481743721520961999,1481743722860923051
456,1481743721521959066,1481743722861001014
457,1481743721522994995,1481743722877517938
458,1481743721523964881,1481743722880487918
459,1481743721524899959,1481743722880600929
460,1481743721525825977,1481743722881772041
461,1481743721526859045,1481743722883805036
462,1481743721527795076,1481743722883878946
463,1481743721528729915,1481743722886594057
464,1481743721529663085,1481743722886673927
465,1481743721530590057,1481743722888545036
466,1481743721531524896,1481743722889233112
467,1481743721532459974,1481743722889849901
468,1481743721533386945,1481743722891225099
469,1481743721534327983,1481743722892158031
470,1481743721535253047,1481743722892719984
471,1481743721536253929,1481743722894351005
472,1481743721537220954,1481743722911628007
473,1481743721538155078,1481743722917007923
474,1481743721539089918,1481743722922806024
475,1481743721540024995,1481743722923532962
476,1481743721540955066,1481743722934974908
477,1481743721541887044,1481743722936223983
478,1481743721542817115,1481743722937669992
479,1481743721543749094,1481743722937743902
480,1481743721544680118,1481743722955375909
481,1481743721545612096,1481743722963238000
482,1481743721546663999,1481743722964003086
483,1481743721547633886,1481743722964916944
484,1481743721548577070,1481743722966052055
485,1481743721549539089,1481743722969444990
486,1481743721550509929,1481743722971240997
487,1481743721551448106,1481743722972372055
488,1481743721552376985,1481743722972481966
489,1481743721553302049,1481743722973185062
490,1481743721554229021,1481743722974451065
491,1481743721555157899,1481743722999030113
492,1481743721556135892,1481743723000422954
493,1481743721557121992,1481743723000545978
494,1481743721558057069,1481743723000658988
495,1481743721558984994,1481743723009299039
496,1481743721559919118,1481743723010324954
497,1481743721560856103,1481743723015974998
498,1481743721561778068,1481743723018382072
499,1481743721562702894,1481743723018495082
500,1481743721563642978,1481743723019345998
501,1481743721564579010,1481743723019970893
502,1481743721565502882,1481743723024475097
503,1481743721566644906,1481743723024570941
504,1481743721567595005,1481743723024626970
505,1481743721568520069,1481743723025486946
506,1481743721569447994,1481743723025588035
507,1481743721570378065,1481743723026554107
508,1481743721571305036,1481743723027210950
509,1481743721572248935,1481743723035639047
510,1481743721573175907,1481743723037766933
511,1481743721574110984,1481743723038404941
512,1481743721575035095,1481743723039273023
513,1481743721576013088,1481743723043839931
514,1481743721576956987,1481743723058446884
515,1481743721577888965,1481743723059120893
516,1481743721578819036,1481743723059568881
517,1481743721579755067,1481743723060777902
518,1481743721580682992,1481743723061830997
519,1481743721581614017,1481743723061961889
520,1481743721582535028,1481743723062439918
521,1481743721583467006,1481743723071327924
522,1481743721584404945,1481743723072438955
523,1481743721585338115,1481743723082156896
524,1481743721586357116,1481743723085546970
525,1481743721587306022,1481743723085656881
526,1481743721588238000,1481743723088810920
527,1481743721589169025,1481743723089649915
528,1481743721590094089,1481743723092406988
529,1481743721591028928,1481743723092904090
530,1481743721591963052,1481743723095035076
531,1481743721592890024,1481743723095124006
532,1481743721593813896,1481743723113214015
533,1481743721594744920,1481743723113677978
534,1481743721595676898,1481743723123593091
535,1481743721596715927,1481743723126266956
536,1481743721597672939,1481743723130983114
537,1481743721598601102,1481743723132262945
538,1481743721599555969,1481743723132896900
539,1481743721600508928,1481743723140667915
540,1481743721601437091,1481743723140909910
541,1481743721602370977,1481743723141032934
542,1481743721603300094,1481743723142412900
543,1481743721604239940,1481743723142493009
544,1481743721605170965,1481743723142549037
545,1481743721606144905,1481743723143054008
546,1481743721607100009,1481743723158323049
547,1481743721608033895,1481743723158407926
548,1481743721608961105,1481743723182113885
549,1481743721609898090,1481743723183274984
550,1481743721610822916,1481743723183542966
551,1481743721611762046,1481743723184784889
552,1481743721612689971,1481743723184988975
553,1481743721613626956,1481743723188106060
554,1481743721614552974,1481743723188793897
555,1481743721615478992,1481743723190650939
556,1481743721616655111,1481743723191320896
557,1481743721617619991,1481743723205672979
558,1481743721618551969,1481743723206538915
559,1481743721619492053,1481743723207197904
560,1481743721620431900,1481743723207925081
561,1481743721621367931,1481743723211031913
562,1481743721622292995,1481743723213078022
563,1481743721623229980,1481743723213172912
564,1481743721624154090,1481743723213867902
565,1481743721625087022,1481743723214529037
566,1481743721626063108,1481743723215783119
567,1481743721627011060,1481743723216562032
568,1481743721627947092,1481743723218230962
569,1481743721628885984,1481743723227634906
570,1481743721629812955,1481743723227720022
571,1481743721630753040,1481743723228903055
572,1481743721631679058,1481743723240750074
573,1481743721632611989,1481743723242150068
574,1481743721633542060,1481743723245162010
575,1481743721634469032,1481743723258522987
576,1481743721635406970,1481743723259444952
577,1481743721636425018,1481743723259531974
578,1481743721637388944,1481743723261342048
579,1481743721638329029,1481743723262089014
580,1481743721639267921,1481743723262886047
581,1481743721640202999,1481743723263508081
582,1481743721641129016,1481743723268321037
583,1481743721642052888,1481743723270648002
584,1481743721642978906,1481743723270720958
585,1481743721643913030,1481743723277688980
586,1481743721644843101,1481743723278669118
587,1481743721645776033,1481743723279172897
588,1481743721646789073,1481743723284198045
589,1481743721647721052,1481743723285454034
590,1481743721648669958,1481743723285950899
591,1481743721649605035,1481743723296756029
592,1481743721650535106,1481743723299717903
593,1481743721651473045,1481743723300389051
594,1481743721652405977,1481743723318119049
595,1481743721653333902,1481743723318943023
596,1481743721654264926,1481743723319725036
597,1481743721655198097,1481743723320390939
598,1481743721656183958,1481743723320813894
599,1481743721657131910,1481743723323812961
600,1481743721658061027,1481743723323919057
601,1481743721658996105,1481743723324620008
602,1481743721659931898,1481743723325542926
603,1481743721660873889,1481743723327187061
604,1481743721661804914,1481743723328385114
605,1481743721662744998,1481743723328960895
606,1481743721663671970,1481743723333933115
607,1481743721664602994,1481743723334052085
608,1481743721665529012,1481743723334839105
609,1481743721666635990,1481743723334909915
610,1481743721667594909,1481743723341137886
611,1481743721668530941,1481743723362057924
612,1481743721669461965,1481743723362848997
613,1481743721670388936,1481743723363399982
614,1481743721671334981,1481743723377058982
615,1481743721672278881,1481743723378550052
616,1481743721673218965,1481743723379442930
617,1481743721674151897,1481743723379587888
618,1481743721675080060,1481743723400605916
619,1481743721676099061,1481743723401362895
620,1481743721677047967,1481743723402987003
621,1481743721677987098,1481743723404809951
622,1481743721678905963,1481743723404886007
623,1481743721679835081,1481743723416080951
624,1481743721680768013,1481743723416167020
625,1481743721681700944,1481743723416857957
626,1481743721682636022,1481743723416923046
627,1481743721683577060,1481743723418102979
628,1481743721684509992,1481743723426985025
629,1481743721685436010,1481743723427761077
630,1481743721686433076,1481743723428487062
631,1481743721687372922,1481743723429913997
632,1481743721688296079,1481743723432013034
633,1481743721689228057,1481743723432095050
634,1481743721690160036,1481743723437777996
635,1481743721691091060,1481743723440994024
636,1481743721692028999,1481743723441201925
637,1481743721692970037,1481743723442198991
638,1481743721693902015,1481743723442284107
639,1481743721694837093,1481743723445811033
640,1481743721695771932,1481743723448431015
641,1481743721696775913,1481743723448950052
642,1481743721697716951,1481743723450026988
643,1481743721698659896,1481743723457221984
644,1481743721699603080,1481743723460191011
645,1481743721700542926,1481743723460273027
646,1481743721701471090,1481743723460328102
647,1481743721702402114,1481743723460961103
648,1481743721703327894,1481743723464544057
649,1481743721704265117,1481743723465215921
650,1481743721705195903,1481743723467930078
651,1481743721706192016,1481743723468640089
652,1481743721707134008,1481743723469244956
653,1481743721708070039,1481743723470355987
654,1481743721709002971,1481743723472620964
655,1481743721709934949,1481743723508208036
656,1481743721710866928,1481743723508342981
657,1481743721711798906,1481743723509099960
658,1481743721712724924,1481743723512233972
659,1481743721713654994,1481743723512329101
660,1481743721714591979,1481743723512761116
661,1481743721715528011,1481743723529227972
662,1481743721716639995,1481743723531582117
663,1481743721717602014,1481743723532191991
664,1481743721718533992,1481743723534140110
665,1481743721719464063,1481743723534250974
666,1481743721720387935,1481743723535161018
667,1481743721721316099,1481743723535231113
668,1481743721722243070,1481743723537179946
669,1481743721723172903,1481743723538187026
670,1481743721724112987,1481743723551132917
671,1481743721725040912,1481743723562417030
672,1481743721726010084,1481743723563195943
673,1481743721726954936,1481743723563886880
674,1481743721727890014,1481743723568540096
675,1481743721728813886,1481743723569458007
676,1481743721729741096,1481743723570491075
677,1481743721730674982,1481743723570595026
678,1481743721731611967,1481743723579657077
679,1481743721732553958,1481743723581502914
680,1481743721733484029,1481743723581605911
681,1481743721734415054,1481743723582762002
682,1481743721735341072,1481743723582911968
683,1481743721736365079,1481743723583417892
684,1481743721737302064,1481743723584456920
685,1481743721738243103,1481743723593923091
686,1481743721739172935,1481743723595748901
687,1481743721740113019,1481743723595820903
688,1481743721741039037,1481743723599019050
689,1481743721741969108,1481743723599102973
690,1481743721742897033,1481743723599689960
691,1481743721743834972,1481743723601417064
692,1481743721744765043,1481743723602555990
693,1481743721745695114,1481743723602684020
694,1481743721746706008,1481743723606957912
695,1481743721747658967,1481743723607088088
696,1481743721748593091,1481743723607786893
697,1481743721749528884,1481743723608201980
698,1481743721750456094,1481743723641802072
699,1481743721751384019,1481743723642607927
700,1481743721752305984,1481743723643333911
701,1481743721753236055,1481743723643842935
702,1481743721754160881,1481743723648510932
703,1481743721755098104,1481743723649266004
704,1481743721756092071,1481743723657597064
705,1481743721757045984,1481743723658767938
706,1481743721757977008,1481743723667710065
707,1481743721758959054,1481743723668658971
708,1481743721759932041,1481743723669531106
709,1481743721760871887,1481743723690233945
710,1481743721761833906,1481743723691299915
711,1481743721762979984,1481743723691371917
712,1481743721766709089,1481743723692207098
713,1481743721768007040,1481743723693274974
714,1481743721772475004,1481743723693404912
715,1481743721774132966,1481743723694432973
716,1481743721777091979,1481743723694506883
717,1481743721778579950,1481743723697755098
718,1481743721781989097,1481743723697841882
719,1481743721783299922,1481743723697897911
720,1481743721784547090,1481743723698910951
721,1481743721785733938,1481743723698990106
722,1481743721787044048,1481743723700156927
723,1481743721788265943,1481743723719567060
724,1481743721789370059,1481743723720346927
725,1481743721790354013,1481743723721103906
726,1481743721791301012,1481743723721988916
727,1481743721792237043,1481743723733319044
728,1481743721793163061,1481743723735148906
729,1481743721794091939,1481743723735229969
730,1481743721795085906,1481743723735850095
731,1481743721796993017,1481743723737343072
732,1481743721799107074,1481743723738233089
733,1481743721801776885,1481743723739207983
734,1481743721802845001,1481743723765836954
735,1481743721803812980,1481743723766469001
736,1481743721804749965,1481743723832142114
737,1481743721805689096,1481743723832238912
738,1481743721806859016,1481743723832294940
739,1481743721807854890,1481743723832349061
740,1481743721808798074,1481743723832416057
741,1481743721809735059,1481743723832503080
742,1481743721810724020,1481743723832581996
743,1481743721812814950,1481743723832679986
744,1481743721814182043,1481743723832771062
745,1481743721815805912,1481743723832833051
746,1481743721816950082,1481743723832917928
747,1481743721817935943,1481743723833019971
748,1481743721818877935,1481743723833230018
749,1481743721819825887,1481743723834538936
750,1481743721820768117,1481743723845863103
751,1481743721821715116,1481743723864586114
752,1481743721822650909,1481743723865349054
753,1481743721823597908,1481743723866063117
754,1481743721824758052,1481743723873500108
755,1481743721825745105,1481743723874531984
756,1481743721826862096,1481743723875222921
757,1481743721828979969,1481743723875669002
758,1481743721831193923,1481743723876756906
759,1481743721833334922,1481743723879966974
760,1481743721834387063,1481743723881829977
761,1481743721835351943,1481743723881902933
762,1481743721836447000,1481743723885500907
763,1481743721837435960,1481743723886183977
764,1481743721838383913,1481743723891283988
765,1481743721839318037,1481743723933237075
766,1481743721840253114,1481743723934112071
767,1481743721841187953,1481743723937016010
768,1481743721842363119,1481743723937988996
769,1481743721843743085,1481743723941901922
770,1481743721846615076,1481743723944040060
771,1481743721848006963,1481743723944170951
772,1481743721849311113,1481743723945086002
773,1481743721854247093,1481743723945158004
774,1481743721857167005,1481743723946499109
775,1481743721858228921,1481743723973597049
776,1481743721859179973,1481743723975261926
777,1481743721860140085,1481743723976095914
778,1481743721861219882,1481743723978396892
779,1481743721862201929,1481743723979651927
780,1481743721863531112,1481743723980292081
781,1481743721866163969,1481743723982912063
782,1481743721867417097,1481743723984303951
783,1481743721869132995,1481743723993868112
784,1481743721870215892,1481743723994637966
785,1481743721871232986,1481743724000024080
786,1481743721872190952,1481743724000673055
787,1481743721873133897,1481743724002099990
788,1481743721874074935,1481743724006850004
789,1481743721875010967,1481743724007323980
790,1481743721876305103,1481743724008841037
791,1481743721878668069,1481743724009757995
792,1481743721879877090,1481743724012120962
793,1481743721881098031,1481743724012885093
794,1481743721882816076,1481743724023964881
795,1481743721884655952,1481743724029463052
796,1481743721887428045,1481743724029675960
797,1481743721889849901,1481743724030963897
798,1481743721891019105,1481743724031049966
799,1481743721892148017,1481743724031579017
800,1481743721893227100,1481743724046147108
801,1481743721894427061,1481743724046633958
802,1481743721895545005,1481743724048805952
803,1481743721896825075,1481743724058732032
804,1481743721898040056,1481743724059919118
805,1481743721899281024,1481743724059999942
806,1481743721900962114,1481743724060492038
807,1481743721901968955,1481743724062901020
808,1481743721902899980,1481743724062977075
809,1481743721903809070,1481743724064261913
810,1481743721904716014,1481743724065395116
811,1481743721905764102,1481743724068391084
812,1481743721906864881,1481743724096074104
813,1481743721907912969,1481743724099397897
814,1481743721909502029,1481743724100502967
815,1481743721911111116,1481743724101480960
816,1481743721912112951,1481743724102174997
817,1481743721913049936,1481743724111882925
818,1481743721913961887,1481743724113444089
819,1481743721914927959,1481743724117660999
820,1481743721916536092,1481743724118309974
821,1481743721917790889,1481743724118748903
822,1481743721918822050,1481743724119848966
823,1481743721919825077,1481743724120491027
824,1481743721921688079,1481743724121192932
825,1481743721922677993,1481743724121592044
826,1481743721923614025,1481743724123136043
827,1481743721924546003,1481743724138621091
828,1481743721925455093,1481743724139750003
829,1481743721926503896,1481743724140431880
830,1481743721927669048,1481743724141566038
831,1481743721930330991,1481743724142358064
832,1481743721933191061,1481743724151374101
833,1481743721934293985,1481743724158452033
834,1481743721935354948,1481743724159388065
835,1481743721936402082,1481743724165555953
836,1481743721937346935,1481743724166425943
837,1481743721938308000,1481743724178772926
838,1481743721939249992,1481743724179867982
839,1481743721940175056,1481743724179945945
840,1481743721941082000,1481743724180376052
841,1481743721941987037,1481743724203114986
842,1481743721942899942,1481743724203623056
843,1481743721943839073,1481743724204966068
844,1481743721944974899,1481743724205041885
845,1481743721947693109,1481743724210118055
846,1481743721949187040,1481743724210828065
847,1481743721952656984,1481743724211230039
848,1481743721953933000,1481743724213821887
849,1481743721955123901,1481743724221865892
850,1481743721956367969,1481743724222588062
851,1481743721959628105,1481743724232002019
852,1481743721962059020,1481743724232203006
853,1481743721964989900,1481743724233159065
854,1481743721966156005,1481743724233232021
855,1481743721967202901,1481743724233802080
856,1481743721968270063,1481743724235467910
857,1481743721969204902,1481743724238085031
858,1481743721970302104,1481743724242782115
859,1481743721971277952,1481743724244400024
860,1481743721972209930,1481743724255547046
861,1481743721973352909,1481743724266149997
862,1481743721975541114,1481743724266607999
863,1481743721976669073,1481743724267667055
864,1481743721977632045,1481743724278429031
865,1481743721978549003,1481743724279861927
866,1481743721979461908,1481743724281316995
867,1481743721980380058,1481743724281394958
868,1481743721981477975,1481743724281450033
869,1481743721982650995,1481743724289557933
870,1481743721985061883,1481743724289642095
871,1481743721986526966,1481743724289696931
872,1481743721988284111,1481743724290206909
873,1481743721989301919,1481743724300304889
874,1481743721990251064,1481743724307838916
875,1481743721991281986,1481743724342444896
876,1481743721992249965,1481743724343297004
877,1481743721994098901,1481743724354903936
878,1481743721995966911,1481743724355737924
879,1481743721997082948,1481743724360004901
880,1481743721998068094,1481743724360771894
881,1481743721999023914,1481743724361506938
882,1481743721999954938,1481743724362253904
883,1481743722000874996,1481743724362940073
884,1481743722001799106,1481743724364974021
885,1481743722002715110,1481743724365793943
886,1481743722003660917,1481743724366789102
887,1481743722004595994,1481743724366863012
888,1481743722005531072,1481743724368602991
889,1481743722006537914,1481743724370243072
890,1481743722007483005,1481743724371005058
891,1481743722008416891,1481743724372200965
892,1481743722009351015,1481743724373011112
893,1481743722010277986,1481743724419672966
894,1481743722011214971,1481743724426469087
895,1481743722012159109,1481743724428220033
896,1481743722013092041,1481743724428347110
897,1481743722014039993,1481743724429095029
898,1481743722015202045,1481743724429917097
899,1481743722016248941,1481743724429986000
900,1481743722017225980,1481743724432308912
901,1481743722018415927,1481743724432450056
902,1481743722020067930,1481743724433077096
903,1481743722021997928,1481743724444067001
904,1481743722024597883,1481743724445811033
905,1481743722026717901,1481743724447846889
906,1481743722027812004,1481743724447920083
907,1481743722028769969,1481743724451638936
908,1481743722029695987,1481743724451731920
909,1481743722030618906,1481743724453126907
910,1481743722031538009,1481743724473846912
911,1481743722032457113,1481743724474637031
912,1481743722033382892,1481743724476404905
913,1481743722034303903,1481743724476480007
914,1481743722035226106,1481743724484088897
915,1481743722036231040,1481743724485683917
916,1481743722037205934,1481743724504427909
917,1481743722038151025,1481743724505507946
918,1481743722039088964,1481743724507262945
919,1481743722040025949,1481743724523343086
920,1481743722040955066,1481743724523940086
921,1481743722041934967,1481743724525269985
922,1481743722042898893,1481743724530286073
923,1481743722043843030,1481743724530450105
924,1481743722044778108,1481743724531251907
925,1481743722046334981,1481743724532273054
926,1481743722048434019,1481743724542392969
927,1481743722051645994,1481743724543145895
928,1481743722053267002,1481743724545708894
929,1481743722056600093,1481743724546701908
930,1481743722057879924,1481743724556471109
931,1481743722060735940,1481743724557935953
932,1481743722062946081,1481743724558132886
933,1481743722064251899,1481743724558782100
934,1481743722065522909,1481743724568177938
935,1481743722066868066,1481743724568412065
936,1481743722068269014,1481743724577894926
937,1481743722069535017,1481743724578629016
938,1481743722072242975,1481743724579315900
939,1481743722073501110,1481743724581329107
940,1481743722074529886,1481743724581474065
941,1481743722076634883,1481743724582290887
942,1481743722078988075,1481743724582359075
943,1481743722080383062,1481743724594316005
944,1481743722081382036,1481743724595153093
945,1481743722082326889,1481743724595724105
946,1481743722083365917,1481743724605782032
947,1481743722084347963,1481743724606631040
948,1481743722085376977,1481743724608536958
949,1481743722086487054,1481743724609391927
950,1481743722087491989,1481743724614940881
951,1481743722088459968,1481743724615587949
952,1481743722089406013,1481743724623811960
953,1481743722090334892,1481743724631110906
954,1481743722091259956,1481743724642465114
955,1481743722092200040,1481743724643810033
956,1481743722093203067,1481743724644550085
957,1481743722096035957,1481743724653279066
958,1481743722097439050,1481743724653861999
959,1481743722100024938,1481743724656583070
960,1481743722102997064,1481743724656666040
961,1481743722105492115,1481743724656722068
962,1481743722106741905,1481743724657542943
963,1481743722107743024,1481743724668661117
964,1481743722108694076,1481743724669775962
965,1481743722109642028,1481743724670767068
966,1481743722110568046,1481743724671509027
967,1481743722111521959,1481743724672008037
968,1481743722112452983,1481743724672960996
969,1481743722113380908,1481743724682975053
970,1481743722114305019,1481743724759722948
971,1481743722115226030,1481743724760526895
972,1481743722116228103,1481743724761217117
973,1481743722117198944,1481743724762399911
974,1481743722118271112,1481743724763895988
975,1481743722119231939,1481743724781130075
976,1481743722120187997,1481743724781827926
977,1481743722121197938,1481743724784795999
978,1481743722123728990,1481743724786586999
979,1481743722126162052,1481743724790241003
980,1481743722127413988,1481743724790956974
981,1481743722129348039,1481743724791771888
982,1481743722130650997,1481743724792505979
983,1481743722132313013,1481743724794357061
984,1481743722133335113,1481743724799339056
985,1481743722134270906,1481743724827150106
986,1481743722135195016,1481743724827795028
987,1481743722136303901,1481743724832000970
988,1481743722137295961,1481743724832072019
989,1481743722138232946,1481743724835592985
990,1481743722139152050,1481743724835766077
991,1481743722140089035,1481743724836690902
992,1481743722141030073,1481743724836765050
993,1481743722141963005,1481743724839402914
994,1481743722142988920,1481743724848526000
995,1481743722146930932,1481743724853188991
996,1481743722149187088,1481743724855403900
997,1481743722151597976,1481743724855509042
998,1481743722152834892,1481743724864599943
999,1481743722153990983,1481743724864682912
1000,1481743722155150890,1481743724865586996
1001,1481743722156797885,1481743724865657091
1002,1481743722159107923,1481743724866184949
1003,1481743722160495042,1481743724867736101
1004,1481743722162657022,1481743724868503093
1005,1481743722163912057,1481743724870625019
1006,1481743722167135000,1481743724871546983
1007,1481743722171246051,1481743724873311996
1008,1481743722172386884,1481743724878161907
1009,1481743722174191951,1481743724878237962
1010,1481743722175345897,1481743724880541086
1011,1481743722176486015,1481743724880618095
1012,1481743722178277015,1481743724880672931
1013,1481743722179428100,1481743724882373094
1014,1481743722180491924,1481743724886086940
1015,1481743722181550025,1481743724886172056
1016,1481743722182600975,1481743724892920970
1017,1481743722183578014,1481743724893657922
1018,1481743722184531927,1481743724895427942
1019,1481743722185537099,1481743724895500898
1020,1481743722186573982,1481743724896029949
1021,1481743722187536001,1481743724897711038
1022,1481743722188474893,1481743724898744106
1023,1481743722189405918,1481743724899882078
1024,1481743722190335988,1481743724903018951
1025,1481743722191270112,1481743724903090000
1026,1481743722192193984,1481743724904402971
1027,1481743722193120956,1481743724904887914
1028,1481743722194051980,1481743724905736923
1029,1481743722194996118,1481743724907352924
1030,1481743722196192979,1481743724912311077
1031,1481743722197222948,1481743724919783115
1032,1481743722198173046,1481743724919857025
1033,1481743722199120044,1481743724922406911
1034,1481743722200058937,1481743724922481060
1035,1481743722201169013,1481743724925647020
1036,1481743722202318906,1481743724927371978
1037,1481743722203404903,1481743724927551984
1038,1481743722204416990,1481743724928508043
1039,1481743722205497980,1481743724928601026
1040,1481743722207544088,1481743724929085969
1041,1481743722209433078,1481743724932468891
1042,1481743722211378097,1481743724935653924
1043,1481743722213093996,1481743724937381982
1044,1481743722214133024,1481743724937458038
1045,1481743722215087890,1481743724938390016
1046,1481743722216099977,1481743724938460111
1047,1481743722218027114,1481743724938930034
1048,1481743722220235109,1481743724940756082
1049,1481743722221309900,1481743724941530942
1050,1481743722223613977,1481743724943478107
1051,1481743722224734067,1481743724944700002
1052,1481743722226774930,1481743724946013927
1053,1481743722228826999,1481743724950088977
1054,1481743722229896068,1481743724954581022
1055,1481743722230853080,1481743724956410884
1056,1481743722231801986,1481743724959074974
1057,1481743722233896970,1481743724961342096
1058,1481743722235989093,1481743724961431026
1059,1481743722237492084,1481743724962116956
1060,1481743722238941907,1481743724962182044
1061,1481743722240226030,1481743724964950084
1062,1481743722241460084,1481743724965053081
1063,1481743722243238925,1481743724966547966
1064,1481743722244462013,1481743724966628074
1065,1481743722245605945,1481743724967135906
1066,1481743722246977090,1481743724972218990
1067,1481743722248733043,1481743724974652051
1068,1481743722249938964,1481743724974725961
1069,1481743722250946044,1481743724975526094
1070,1481743722251909017,1481743724976526021
1071,1481743722253175020,1481743724976598978
1072,1481743722255182981,1481743724977372884
1073,1481743722256333112,1481743724977452993
1074,1481743722258142948,1481743724984755992
1075,1481743722259933948,1481743724985795021
1076,1481743722261238098,1481743724987623929
1077,1481743722264189958,1481743724988928079
1078,1481743722265980958,1481743724990118026
1079,1481743722267050981,1481743724990279912
1080,1481743722268022060,1481743724991130113
1081,1481743722268954992,1481743724991199016
1082,1481743722269937038,1481743724996345996
1083,1481743722270939111,1481743724996427059
1084,1481743722271871089,1481743724996860980
1085,1481743722272794961,1481743724998699903
1086,1481743722273730039,1481743725000284910
1087,1481743722274652957,1481743725002382040
1088,1481743722275578022,1481743725002453088
1089,1481743722276591062,1481743725004224061
1090,1481743722277542114,1481743725004293918
1091,1481743722278474092,1481743725004983901
1092,1481743722279405117,1481743725012726068
1093,1481743722280329942,1481743725015492916
1094,1481743722281277894,1481743725022627115
1095,1481743722282202005,1481743725023689031
1096,1481743722283126115,1481743725025464057
1097,1481743722284056901,1481743725026314973
1098,1481743722284986019,1481743725029247045
1099,1481743722285948991,1481743725029320955
1100,1481743722286905050,1481743725030994892
1101,1481743722287833929,1481743725031066894
1102,1481743722288760900,1481743725034326076
1103,1481743722289681911,1481743725034404039
1104,1481743722290610074,1481743725034882068
1105,1481743722291541099,1481743725036565065
1106,1481743722292471885,1481743725039128065
1107,1481743722293397903,1481743725039321899
1108,1481743722294337034,1481743725040214061
1109,1481743722295262098,1481743725040364027
1110,1481743722296227931,1481743725040854930
1111,1481743722297163963,1481743725043181896
1112,1481743722298084974,1481743725046129941
1113,1481743722299015998,1481743725050597906
1114,1481743722299948930,1481743725056663990
1115,1481743722300869941,1481743725057697057
1116,1481743722301789045,1481743725059533119
1117,1481743722302714109,1481743725063914060
1118,1481743722303634881,1481743725064030885
1119,1481743722304553985,1481743725065481901
1120,1481743722305474996,1481743725065568923
1121,1481743722306457996,1481743725066220045
1122,1481743722307389974,1481743725066629886
1123,1481743722308315038,1481743725068469047
1124,1481743722309228897,1481743725068557977
1125,1481743722310147047,1481743725069477081
1126,1481743722311085939,1481743725069560050
1127,1481743722312014102,1481743725070036888
1128,1481743722312939882,1481743725076586008
1129,1481743722313864946,1481743725077893018
1130,1481743722314784049,1481743725079493045
1131,1481743722315707921,1481743725084768056
1132,1481743722316694974,1481743725087059020
1133,1481743722317620992,1481743725087201118
1134,1481743722318545103,1481743725088510990
1135,1481743722319469928,1481743725088598966
1136,1481743722320514917,1481743725089261054
1137,1481743722321456909,1481743725089984893
1138,1481743722322381973,1481743725090084075
1139,1481743722323304891,1481743725091492891
1140,1481743722324244022,1481743725091588020
1141,1481743722325162887,1481743725092086076
1142,1481743722326159954,1481743725097048997
1143,1481743722327100038,1481743725103600025
1144,1481743722328021049,1481743725104581117
1145,1481743722328943014,1481743725106100082
1146,1481743722329875946,1481743725106173038
1147,1481743722330790042,1481743725107826948
1148,1481743722331706047,1481743725116647005
1149,1481743722332633972,1481743725117700099
1150,1481743722333564996,1481743725119400024
1151,1481743722334485054,1481743725119482994
1152,1481743722335448026,1481743725120089054
1153,1481743722336477041,1481743725120877981
1154,1481743722337419033,1481743725120942115
1155,1481743722338335037,1481743725121933937
1156,1481743722340415954,1481743725126997947
1157,1481743722342417955,1481743725132050037
1158,1481743722343538999,1481743725132174015
1159,1481743722344604015,1481743725132873058
1160,1481743722345582962,1481743725133486032
1161,1481743722346597909,1481743725133548021
1162,1481743722347537040,1481743725138149976
1163,1481743722348484992,1481743725138226032
1164,1481743722349450111,1481743725141566038
1165,1481743722350372076,1481743725142879962
1166,1481743722351296901,1481743725144629001
1167,1481743722352210998,1481743725147094964
1168,1481743722353315114,1481743725147233963
1169,1481743722354342937,1481743725148643970
1170,1481743722355380058,1481743725148734092
1171,1481743722356513023,1481743725149585962
1172,1481743722357491016,1481743725149655103
1173,1481743722358426094,1481743725150243997
1174,1481743722359343051,1481743725150921106
1175,1481743722360260009,1481743725155131101
1176,1481743722361514091,1481743725156547069
1177,1481743722362642049,1481743725157879114
1178,1481743722363718032,1481743725166351079
1179,1481743722364736080,1481743725166429042
1180,1481743722365675926,1481743725166909933
1181,1481743722366663932,1481743725169367074
1182,1481743722367594003,1481743725169437885
1183,1481743722368514060,1481743725169863939
1184,1481743722369564056,1481743725173115968
1185,1481743722370496988,1481743725173190116
1186,1481743722371412992,1481743725176434040
1187,1481743722372332096,1481743725176510095
1188,1481743722373253107,1481743725176985025
1189,1481743722374191045,1481743725181809902
1190,1481743722375109910,1481743725183016061
1191,1481743722376063108,1481743725186558008
1192,1481743722377032041,1481743725188539981
1193,1481743722377968072,1481743725189850091
1194,1481743722378881931,1481743725190553903
